7.000000000000000000e+02 4.118739848829047149e-05
7.005025125628141041e+02 4.201846322643004321e-05
7.010050251256280944e+02 4.286387149839179621e-05
7.015075376884421985e+02 4.357112722428260911e-05
7.020100502512563025e+02 4.420693216781602361e-05
7.025125628140704066e+02 4.452154679787973684e-05
7.030150753768843970e+02 4.474277604067416532e-05
7.035175879396985010e+02 4.480607784082514604e-05
7.040201005025126051e+02 4.454893867280060809e-05
7.045226130653265955e+02 4.406488069448657319e-05
7.050251256281406995e+02 4.320457916445705633e-05
7.055276381909548036e+02 4.245540067512504931e-05
7.060301507537687939e+02 4.162821340645579134e-05
7.065326633165828980e+02 4.070558868510138211e-05
7.070351758793970021e+02 3.953098178184557572e-05
7.075376884422111061e+02 3.831259831197223381e-05
7.080402010050250965e+02 3.709689098776382563e-05
7.085427135678392006e+02 3.612262461058814969e-05
7.090452261306533046e+02 3.523461796576754865e-05
7.095477386934672950e+02 3.450268546297490359e-05
7.100502512562813990e+02 3.375894587088495736e-05
7.105527638190955031e+02 3.301743452542394911e-05
7.110552763819094935e+02 3.232056972880051609e-05
7.115577889447235975e+02 3.164025109778360634e-05
7.120603015075377016e+02 3.082434419241486659e-05
7.125628140703518056e+02 3.010851047468833487e-05
7.130653266331657960e+02 2.947419090543863956e-05
7.135678391959799001e+02 2.888962160417391317e-05
7.140703517587940041e+02 2.827212045507999219e-05
7.145728643216079945e+02 2.786662326695697322e-05
7.150753768844220986e+02 2.745867317361707301e-05
7.155778894472362026e+02 2.714476749211948580e-05
7.160804020100501930e+02 2.693773586370275591e-05
7.165829145728642970e+02 2.684866851996249958e-05
7.170854271356784011e+02 2.691175133385435465e-05
7.175879396984925052e+02 2.703038555593988365e-05
7.180904522613064955e+02 2.733400593310757125e-05
7.185929648241205996e+02 2.755037821729385751e-05
7.190954773869347036e+02 2.782587823444931824e-05
7.195979899497486940e+02 2.824350236967095883e-05
7.201005025125627981e+02 2.881751384526334164e-05
7.206030150753769021e+02 2.912558631493766080e-05
7.211055276381910062e+02 2.951273813048957274e-05
7.216080402010049966e+02 2.997605443625594405e-05
7.221105527638191006e+02 3.043844745392197663e-05
7.226130653266332047e+02 3.082778207588387310e-05
7.231155778894471950e+02 3.111646391893321508e-05
7.236180904522612991e+02 3.099368627670873958e-05
7.241206030150754032e+02 3.087834381540443521e-05
7.246231155778893935e+02 3.067928596641833987e-05
7.251256281407034976e+02 3.029515001584013017e-05
7.256281407035176017e+02 2.975061530256662359e-05
7.261306532663317057e+02 2.923518660873623910e-05
7.266331658291456961e+02 2.890850950318980285e-05
7.271356783919598001e+02 2.859513304269602077e-05
7.276381909547739042e+02 2.831477210061147346e-05
7.281407035175878946e+02 2.848527994080041174e-05
7.286432160804019986e+02 2.873713448764597439e-05
7.291457286432161027e+02 2.914707236778778493e-05
7.296482412060302067e+02 3.008873880670953998e-05
7.301507537688441971e+02 3.113087301246311728e-05
7.306532663316583012e+02 3.265606626207416324e-05
7.311557788944724052e+02 3.460086263896600421e-05
7.316582914572863956e+02 3.687871941023848860e-05
7.321608040201004997e+02 3.940317017424886713e-05
7.326633165829146037e+02 4.199639838002339632e-05
7.331658291457285941e+02 4.434347754066467114e-05
7.336683417085426981e+02 4.668153676082255934e-05
7.341708542713568022e+02 4.928264409815322428e-05
7.346733668341707926e+02 5.177582066558122529e-05
7.351758793969848966e+02 5.401881799903468853e-05
7.356783919597990007e+02 5.568357398720548483e-05
7.361809045226131047e+02 5.693765448042545574e-05
7.366834170854270951e+02 5.789712860586609407e-05
7.371859296482411992e+02 5.863979054340455460e-05
7.376884422110553032e+02 5.901856069964889082e-05
7.381909547738692936e+02 5.923893062179785553e-05
7.386934673366833977e+02 5.868858114913020008e-05
7.391959798994975017e+02 5.819309783958673011e-05
7.396984924623116058e+02 5.805102624178693865e-05
7.402010050251255961e+02 5.781278555114683108e-05
7.407035175879397002e+02 5.779375960653427609e-05
7.412060301507538043e+02 5.803806283508202921e-05
7.417085427135677946e+02 5.845830565708683477e-05
7.422110552763818987e+02 5.862694732235631260e-05
7.427135678391960028e+02 5.915512286472163016e-05
7.432160804020099931e+02 5.995682038695742338e-05
7.437185929648240972e+02 6.044412631625374789e-05
7.442211055276382012e+02 6.044581575749408126e-05
7.447236180904523053e+02 6.030346878359023577e-05
7.452261306532662957e+02 6.017165752741303444e-05
7.457286432160803997e+02 6.005595724384660077e-05
7.462311557788945038e+02 5.996326369636326305e-05
7.467336683417084942e+02 5.999145900978676538e-05
7.472361809045225982e+02 5.935765274250461390e-05
7.477386934673367023e+02 5.789268412427914576e-05
7.482412060301508063e+02 5.675158565759242892e-05
7.487437185929647967e+02 5.594372463613969714e-05
7.492462311557789008e+02 5.533510956232037538e-05
7.497487437185930048e+02 5.519031766746097881e-05
7.502512562814069952e+02 5.543788822613776671e-05
7.507537688442210992e+02 5.606338251170004381e-05
7.512562814070352033e+02 5.690922493029620417e-05
7.517587939698491937e+02 5.742023777063718645e-05
7.522613065326632977e+02 5.827362225596387403e-05
7.527638190954774018e+02 5.880599843937669150e-05
7.532663316582913922e+02 5.928384038372699850e-05
7.537688442211054962e+02 5.954572250761012991e-05
7.542713567839196003e+02 5.991388879266324705e-05
7.547738693467337043e+02 5.997431694075266019e-05
7.552763819095476947e+02 5.959366160421903855e-05
7.557788944723617988e+02 5.870288178371119479e-05
7.562814070351759028e+02 5.813487910908573500e-05
7.567839195979898932e+02 5.736378357888915835e-05
7.572864321608039972e+02 5.643051495346422899e-05
7.577889447236181013e+02 5.565597207746980326e-05
7.582914572864322054e+02 5.525564590999991601e-05
7.587939698492461957e+02 5.505044665475279870e-05
7.592964824120602998e+02 5.513395421870013785e-05
7.597989949748744039e+02 5.577025138135175927e-05
7.603015075376883942e+02 5.663846567419487233e-05
7.608040201005024983e+02 5.769080564999595366e-05
7.613065326633166023e+02 5.876771618420508197e-05
7.618090452261305927e+02 6.008079959209362782e-05
7.623115577889446968e+02 6.113166578205568829e-05
7.628140703517588008e+02 6.201163521571660144e-05
7.633165829145729049e+02 6.273304236803030527e-05
7.638190954773868953e+02 6.335282800037858738e-05
7.643216080402009993e+02 6.395088925587411944e-05
7.648241206030151034e+02 6.436993691112028024e-05
7.653266331658290937e+02 6.463536685255020294e-05
7.658291457286431978e+02 6.472953982403720642e-05
7.663316582914573019e+02 6.463948672566419671e-05
7.668341708542714059e+02 6.449216518796193362e-05
7.673366834170853963e+02 6.470204717040578350e-05
7.678391959798995003e+02 6.504222319202354315e-05
7.683417085427136044e+02 6.464582866935485769e-05
7.688442211055275948e+02 6.437734847939781456e-05
7.693467336683416988e+02 6.449173006468880058e-05
7.698492462311558029e+02 6.468673156403994770e-05
7.703517587939697933e+02 6.465696359036112036e-05
7.708542713567838973e+02 6.497320157356292498e-05
7.713567839195980014e+02 6.546975764131030494e-05
7.718592964824119917e+02 6.606340008101065976e-05
7.723618090452260958e+02 6.609880949499997885e-05
7.728643216080401999e+02 6.610870055649216870e-05
7.733668341708543039e+02 6.578181723137245778e-05
7.738693467336682943e+02 6.533293220805116671e-05
7.743718592964823983e+02 6.467378487715186026e-05
7.748743718592965024e+02 6.370046309832597977e-05
7.753768844221106065e+02 6.260335008770167708e-05
7.758793969849245968e+02 6.165598383955926459e-05
7.763819095477387009e+02 6.105119697272907054e-05
7.768844221105528050e+02 6.115893020519227823e-05
7.773869346733667953e+02 6.146819530531556872e-05
7.778894472361808994e+02 6.234138438714962433e-05
7.783919597989950034e+02 6.349141428740146887e-05
7.788944723618089938e+02 6.471303925012978676e-05
7.793969849246230979e+02 6.595566136671496195e-05
7.798994974874372019e+02 6.741806825927083217e-05
7.804020100502511923e+02 6.878472435813845032e-05
7.809045226130652964e+02 6.951391222492142509e-05
7.814070351758794004e+02 6.945879192957977251e-05
7.819095477386935045e+02 6.887718475499328473e-05
7.824120603015074948e+02 6.826230790992205138e-05
7.829145728643215989e+02 6.797204770962853070e-05
7.834170854271357030e+02 6.766742772171021041e-05
7.839195979899496933e+02 6.771011114189396068e-05
7.844221105527637974e+02 6.797413576845360520e-05
7.849246231155779014e+02 6.842869971551800558e-05
7.854271356783920055e+02 6.895600743390461541e-05
7.859296482412059959e+02 6.963656291861355973e-05
7.864321608040200999e+02 7.043977327013146040e-05
7.869346733668342040e+02 7.129979685820748059e-05
7.874371859296481944e+02 7.213029255560416124e-05
7.879396984924622984e+02 7.238683963993350302e-05
7.884422110552764025e+02 7.197104395190281933e-05
7.889447236180903928e+02 7.148218636939926061e-05
7.894472361809044969e+02 7.102849446486628052e-05
7.899497487437186010e+02 6.963013129569439155e-05
7.904522613065325913e+02 6.777483836992925705e-05
7.909547738693466954e+02 6.569605692501811437e-05
7.914572864321607994e+02 6.395376380787213698e-05
7.919597989949749035e+02 6.301240459988798894e-05
7.924623115577888939e+02 6.292671547402017222e-05
7.929648241206029979e+02 6.378924233989132712e-05
7.934673366834171020e+02 6.511892404975057151e-05
7.939698492462312061e+02 6.703430887970020073e-05
7.944723618090451964e+02 6.872057777991103877e-05
7.949748743718593005e+02 7.023262590402236491e-05
7.954773869346734045e+02 7.154098366964852559e-05
7.959798994974873949e+02 7.246949050242712748e-05
7.964824120603014990e+02 7.276418547276669883e-05
7.969849246231156030e+02 7.191428229161768318e-05
7.974874371859295934e+02 6.993394036596251690e-05
7.979899497487436975e+02 6.666201133355260607e-05
7.984924623115578015e+02 6.236079426665169562e-05
7.989949748743717919e+02 5.689589593412517797e-05
7.994974874371858959e+02 5.069089683430932843e-05
8.000000000000000000e+02 4.412756989655648628e-05
