7.000000000000000000e+02 3.649196641754454162e-05
7.005025125628141041e+02 3.641982795534269823e-05
7.010050251256280944e+02 3.639227760393235443e-05
7.015075376884421985e+02 3.625160794722235170e-05
7.020100502512563025e+02 3.604765128842073223e-05
7.025125628140704066e+02 3.585894521145000451e-05
7.030150753768843970e+02 3.572103074670314259e-05
7.035175879396985010e+02 3.546198761945930231e-05
7.040201005025126051e+02 3.520827852407219951e-05
7.045226130653265955e+02 3.488304674065331750e-05
7.050251256281406995e+02 3.435125272718721738e-05
7.055276381909548036e+02 3.384766170544253812e-05
7.060301507537687939e+02 3.333301584392473805e-05
7.065326633165828980e+02 3.288097297871253594e-05
7.070351758793970021e+02 3.240611612034358671e-05
7.075376884422111061e+02 3.193549128060125446e-05
7.080402010050250965e+02 3.167857487694258266e-05
7.085427135678392006e+02 3.153472051953085949e-05
7.090452261306533046e+02 3.148443489431477967e-05
7.095477386934672950e+02 3.155988340033938485e-05
7.100502512562813990e+02 3.158230063241535506e-05
7.105527638190955031e+02 3.152766644190007017e-05
7.110552763819094935e+02 3.139902940177431836e-05
7.115577889447235975e+02 3.151448005401049669e-05
7.120603015075377016e+02 3.149921670490093593e-05
7.125628140703518056e+02 3.142447507985155983e-05
7.130653266331657960e+02 3.138588919716726460e-05
7.135678391959799001e+02 3.143300067119819300e-05
7.140703517587940041e+02 3.116614772261755792e-05
7.145728643216079945e+02 3.070892742935373059e-05
7.150753768844220986e+02 3.018421616026000095e-05
7.155778894472362026e+02 2.974490276154067445e-05
7.160804020100501930e+02 2.913639245477902572e-05
7.165829145728642970e+02 2.847313655682444874e-05
7.170854271356784011e+02 2.795027256936703864e-05
7.175879396984925052e+02 2.756243519667989634e-05
7.180904522613064955e+02 2.743738515169576568e-05
7.185929648241205996e+02 2.748005072884993796e-05
7.190954773869347036e+02 2.788293689679339745e-05
7.195979899497486940e+02 2.874391090668033152e-05
7.201005025125627981e+02 3.011847228335056922e-05
7.206030150753769021e+02 3.127989715136243320e-05
7.211055276381910062e+02 3.265422224917224116e-05
7.216080402010049966e+02 3.432414833483295435e-05
7.221105527638191006e+02 3.607308128672603973e-05
7.226130653266332047e+02 3.792996390677661015e-05
7.231155778894471950e+02 3.952266838782724797e-05
7.236180904522612991e+02 4.078117481032706993e-05
7.241206030150754032e+02 4.221156539473661676e-05
7.246231155778893935e+02 4.363784476395888776e-05
7.251256281407034976e+02 4.478208357125890073e-05
7.256281407035176017e+02 4.588677027697106670e-05
7.261306532663317057e+02 4.639734625486258097e-05
7.266331658291456961e+02 4.686644404611091792e-05
7.271356783919598001e+02 4.715917589827659640e-05
7.276381909547739042e+02 4.739837727682464524e-05
7.281407035175878946e+02 4.750644062741977324e-05
7.286432160804019986e+02 4.711614609319950299e-05
7.291457286432161027e+02 4.657797693030120683e-05
7.296482412060302067e+02 4.605965025217768552e-05
7.301507537688441971e+02 4.501598138734018976e-05
7.306532663316583012e+02 4.397895318879820769e-05
7.311557788944724052e+02 4.324317750773845376e-05
7.316582914572863956e+02 4.279720765321719586e-05
7.321608040201004997e+02 4.276538953664535257e-05
7.326633165829146037e+02 4.296785166310039837e-05
7.331658291457285941e+02 4.293002020820693124e-05
7.336683417085426981e+02 4.333547439968552786e-05
7.341708542713568022e+02 4.411741254856807264e-05
7.346733668341707926e+02 4.531735146919826164e-05
7.351758793969848966e+02 4.695236128350976207e-05
7.356783919597990007e+02 4.824055163773563882e-05
7.361809045226131047e+02 4.918568842732787749e-05
7.366834170854270951e+02 5.004209366797459426e-05
7.371859296482411992e+02 5.057453957071330529e-05
7.376884422110553032e+02 5.094744563993624029e-05
7.381909547738692936e+02 5.128008007795217360e-05
7.386934673366833977e+02 5.106458477967493084e-05
7.391959798994975017e+02 5.123123271373062818e-05
7.396984924623116058e+02 5.169200322301144962e-05
7.402010050251255961e+02 5.208483345114289033e-05
7.407035175879397002e+02 5.271738712259606128e-05
7.412060301507538043e+02 5.372500480151450362e-05
7.417085427135677946e+02 5.461365619505591419e-05
7.422110552763818987e+02 5.509353363583005292e-05
7.427135678391960028e+02 5.610832918112939547e-05
7.432160804020099931e+02 5.721371831402173071e-05
7.437185929648240972e+02 5.798896907250105851e-05
7.442211055276382012e+02 5.814647624041832576e-05
7.447236180904523053e+02 5.809192739698141060e-05
7.452261306532662957e+02 5.790077599509301686e-05
7.457286432160803997e+02 5.769008338147244014e-05
7.462311557788945038e+02 5.760069139888580685e-05
7.467336683417084942e+02 5.768787633971087262e-05
7.472361809045225982e+02 5.720771130319070134e-05
7.477386934673367023e+02 5.587873509955181608e-05
7.482412060301508063e+02 5.493672753209932720e-05
7.487437185929647967e+02 5.433266454679560432e-05
7.492462311557789008e+02 5.390637864292736436e-05
7.497487437185930048e+02 5.398519463284814028e-05
7.502512562814069952e+02 5.448619543609464847e-05
7.507537688442210992e+02 5.533723455290466184e-05
7.512562814070352033e+02 5.655387735044354892e-05
7.517587939698491937e+02 5.735852962087995043e-05
7.522613065326632977e+02 5.848266621085916416e-05
7.527638190954774018e+02 5.933398800355750986e-05
7.532663316582913922e+02 6.016079992840271906e-05
7.537688442211054962e+02 6.073876729904283226e-05
7.542713567839196003e+02 6.157228242285464690e-05
7.547738693467337043e+02 6.212407380140869985e-05
7.552763819095476947e+02 6.215189589541183373e-05
7.557788944723617988e+02 6.184607880904554277e-05
7.562814070351759028e+02 6.195052488801547244e-05
7.567839195979898932e+02 6.185786074970854316e-05
7.572864321608039972e+02 6.144453004896681175e-05
7.577889447236181013e+02 6.115675899535009897e-05
7.582914572864322054e+02 6.098049680131118524e-05
7.587939698492461957e+02 6.087713159066984541e-05
7.592964824120602998e+02 6.086485634811806649e-05
7.597989949748744039e+02 6.145540407509878010e-05
7.603015075376883942e+02 6.184585596533263201e-05
7.608040201005024983e+02 6.215723816174873980e-05
7.613065326633166023e+02 6.245054856519618406e-05
7.618090452261305927e+02 6.297945959135098706e-05
7.623115577889446968e+02 6.336684433312593360e-05
7.628140703517588008e+02 6.356879818499279000e-05
7.633165829145729049e+02 6.363409656361556407e-05
7.638190954773868953e+02 6.373238083858272143e-05
7.643216080402009993e+02 6.395446191495958790e-05
7.648241206030151034e+02 6.415722502533033529e-05
7.653266331658290937e+02 6.429373307510829626e-05
7.658291457286431978e+02 6.434045439872441475e-05
7.663316582914573019e+02 6.423709970873930019e-05
7.668341708542714059e+02 6.407283342864163059e-05
7.673366834170853963e+02 6.430594930472781866e-05
7.678391959798995003e+02 6.469650231106758317e-05
7.683417085427136044e+02 6.437814983314717719e-05
7.688442211055275948e+02 6.418398349965990504e-05
7.693467336683416988e+02 6.433048963581921036e-05
7.698492462311558029e+02 6.453605860767208061e-05
7.703517587939697933e+02 6.452145321793075589e-05
7.708542713567838973e+02 6.486809094375502540e-05
7.713567839195980014e+02 6.538791967308543772e-05
7.718592964824119917e+02 6.606018319510085449e-05
7.723618090452260958e+02 6.621815241062946810e-05
7.728643216080401999e+02 6.639271205902441176e-05
7.733668341708543039e+02 6.622785900627476362e-05
7.738693467336682943e+02 6.594903646450078630e-05
7.743718592964823983e+02 6.545484054310475076e-05
7.748743718592965024e+02 6.463134531316888588e-05
7.753768844221106065e+02 6.354181903022988829e-05
7.758793969849245968e+02 6.243324105708445326e-05
7.763819095477387009e+02 6.165348869151644014e-05
7.768844221105528050e+02 6.151922743012764639e-05
7.773869346733667953e+02 6.161915536526594813e-05
7.778894472361808994e+02 6.221304911334908454e-05
7.783919597989950034e+02 6.316735221970301594e-05
7.788944723618089938e+02 6.426513829026473301e-05
7.793969849246230979e+02 6.536719928437266763e-05
7.798994974874372019e+02 6.682712845212919830e-05
7.804020100502511923e+02 6.826498556123572665e-05
7.809045226130652964e+02 6.907351447851601720e-05
7.814070351758794004e+02 6.915609705811965214e-05
7.819095477386935045e+02 6.869913918568656367e-05
7.824120603015074948e+02 6.813897184118301246e-05
7.829145728643215989e+02 6.770191993720859832e-05
7.834170854271357030e+02 6.722989346732512509e-05
7.839195979899496933e+02 6.700759194547223037e-05
7.844221105527637974e+02 6.693277290244643287e-05
7.849246231155779014e+02 6.712423323820540446e-05
7.854271356783920055e+02 6.765823283389720401e-05
7.859296482412059959e+02 6.837970107853836666e-05
7.864321608040200999e+02 6.926998206209073708e-05
7.869346733668342040e+02 7.018217059493004153e-05
7.874371859296481944e+02 7.107136922381564962e-05
7.879396984924622984e+02 7.138969765790378213e-05
7.884422110552764025e+02 7.100240518335454215e-05
7.889447236180903928e+02 7.049560401547819968e-05
7.894472361809044969e+02 7.010598408457999946e-05
7.899497487437186010e+02 6.884419194915414233e-05
7.904522613065325913e+02 6.730797386663126978e-05
7.909547738693466954e+02 6.567742369618953069e-05
7.914572864321607994e+02 6.444271618157703253e-05
7.919597989949749035e+02 6.411255999695894569e-05
7.924623115577888939e+02 6.455387989560643915e-05
7.929648241206029979e+02 6.579643327136789862e-05
7.934673366834171020e+02 6.741019390279130469e-05
7.939698492462312061e+02 6.946343796133517569e-05
7.944723618090451964e+02 7.114448024187306505e-05
7.949748743718593005e+02 7.236288208971394396e-05
7.954773869346734045e+02 7.311654066766552795e-05
7.959798994974873949e+02 7.325467432056007022e-05
7.964824120603014990e+02 7.268665633686578525e-05
7.969849246231156030e+02 7.098901853515940396e-05
7.974874371859295934e+02 6.818032187790863230e-05
7.979899497487436975e+02 6.427118387502606719e-05
7.984924623115578015e+02 5.940869875166153728e-05
7.989949748743717919e+02 5.351589245405793905e-05
7.994974874371858959e+02 4.702681903761102121e-05
8.000000000000000000e+02 4.046379122039125672e-05
