7.000000000000000000e+02 2.348604924448896800e-05
7.005025125628141041e+02 2.459395908485611626e-05
7.010050251256280944e+02 2.565622240811042860e-05
7.015075376884421985e+02 2.660139293100797719e-05
7.020100502512563025e+02 2.743678925051334623e-05
7.025125628140704066e+02 2.818811785836003277e-05
7.030150753768843970e+02 2.907855626819466586e-05
7.035175879396985010e+02 2.967939130506992858e-05
7.040201005025126051e+02 3.033627789460626811e-05
7.045226130653265955e+02 3.072645407556698609e-05
7.050251256281406995e+02 3.068160618456588140e-05
7.055276381909548036e+02 3.064301064683994775e-05
7.060301507537687939e+02 3.047597802776310481e-05
7.065326633165828980e+02 3.040772242856925600e-05
7.070351758793970021e+02 3.049408777122159206e-05
7.075376884422111061e+02 3.001154520409841825e-05
7.080402010050250965e+02 2.968042785555491709e-05
7.085427135678392006e+02 2.948613968532310444e-05
7.090452261306533046e+02 2.949390299623575560e-05
7.095477386934672950e+02 2.941946485254037918e-05
7.100502512562813990e+02 2.925887468396334083e-05
7.105527638190955031e+02 2.923956473944548730e-05
7.110552763819094935e+02 2.914645043808946823e-05
7.115577889447235975e+02 2.923215488340737305e-05
7.120603015075377016e+02 2.933231179321638753e-05
7.125628140703518056e+02 2.931294647361828713e-05
7.130653266331657960e+02 2.930254092582636316e-05
7.135678391959799001e+02 2.942811422331718585e-05
7.140703517587940041e+02 2.926451700047172342e-05
7.145728643216079945e+02 2.883689427643193850e-05
7.150753768844220986e+02 2.835562659170980476e-05
7.155778894472362026e+02 2.808757599789750455e-05
7.160804020100501930e+02 2.769589155285726519e-05
7.165829145728642970e+02 2.717373517197865527e-05
7.170854271356784011e+02 2.678840470412256498e-05
7.175879396984925052e+02 2.656374145028519483e-05
7.180904522613064955e+02 2.644668480230674633e-05
7.185929648241205996e+02 2.651253319866521584e-05
7.190954773869347036e+02 2.694335464695221606e-05
7.195979899497486940e+02 2.753984197468232247e-05
7.201005025125627981e+02 2.868466990263401800e-05
7.206030150753769021e+02 2.976885861177270455e-05
7.211055276381910062e+02 3.103789658633319975e-05
7.216080402010049966e+02 3.255033368540480635e-05
7.221105527638191006e+02 3.426161058730472548e-05
7.226130653266332047e+02 3.604857133899846202e-05
7.231155778894471950e+02 3.762166203364787767e-05
7.236180904522612991e+02 3.893182328482126776e-05
7.241206030150754032e+02 4.056525581676705697e-05
7.246231155778893935e+02 4.218549564063463756e-05
7.251256281407034976e+02 4.366513679330289105e-05
7.256281407035176017e+02 4.515557594259295133e-05
7.261306532663317057e+02 4.612139999007254542e-05
7.266331658291456961e+02 4.722076899656913926e-05
7.271356783919598001e+02 4.808470977057653661e-05
7.276381909547739042e+02 4.891837805290130269e-05
7.281407035175878946e+02 4.964104373709108498e-05
7.286432160804019986e+02 4.993282250389857648e-05
7.291457286432161027e+02 4.998869783180291855e-05
7.296482412060302067e+02 5.015308155379300117e-05
7.301507537688441971e+02 4.994143514918406918e-05
7.306532663316583012e+02 4.960207815283747013e-05
7.311557788944724052e+02 4.926540770025822786e-05
7.316582914572863956e+02 4.895832380961965587e-05
7.321608040201004997e+02 4.904845648116439358e-05
7.326633165829146037e+02 4.932221328603113639e-05
7.331658291457285941e+02 4.904816785597299256e-05
7.336683417085426981e+02 4.907048499130941773e-05
7.341708542713568022e+02 4.926884292414407548e-05
7.346733668341707926e+02 4.983824594326039941e-05
7.351758793969848966e+02 5.089381096775228401e-05
7.356783919597990007e+02 5.175493994442746009e-05
7.361809045226131047e+02 5.226595655909062609e-05
7.366834170854270951e+02 5.268731470068829803e-05
7.371859296482411992e+02 5.285955368170434980e-05
7.376884422110553032e+02 5.282899898248206012e-05
7.381909547738692936e+02 5.279907363475123749e-05
7.386934673366833977e+02 5.211178631369560243e-05
7.391959798994975017e+02 5.198384430361589938e-05
7.396984924623116058e+02 5.223763231768257013e-05
7.402010050251255961e+02 5.249948130326622400e-05
7.407035175879397002e+02 5.302811651502188861e-05
7.412060301507538043e+02 5.387189772319210231e-05
7.417085427135677946e+02 5.467363051096557798e-05
7.422110552763818987e+02 5.510756932717244839e-05
7.427135678391960028e+02 5.600078010174338808e-05
7.432160804020099931e+02 5.698486826189174830e-05
7.437185929648240972e+02 5.762840312404097549e-05
7.442211055276382012e+02 5.765707641583650887e-05
7.447236180904523053e+02 5.746725365737341643e-05
7.452261306532662957e+02 5.714000363009514460e-05
7.457286432160803997e+02 5.674389335259972920e-05
7.462311557788945038e+02 5.652109964548297593e-05
7.467336683417084942e+02 5.645492921996120186e-05
7.472361809045225982e+02 5.584278132144990616e-05
7.477386934673367023e+02 5.441888556159960917e-05
7.482412060301508063e+02 5.339918278051938627e-05
7.487437185929647967e+02 5.273370014160535499e-05
7.492462311557789008e+02 5.226031814239626827e-05
7.497487437185930048e+02 5.232945554494811092e-05
7.502512562814069952e+02 5.278486204700666206e-05
7.507537688442210992e+02 5.360426529802712149e-05
7.512562814070352033e+02 5.477952749667289336e-05
7.517587939698491937e+02 5.556323285457422838e-05
7.522613065326632977e+02 5.670686732357104517e-05
7.527638190954774018e+02 5.757269457053011620e-05
7.532663316582913922e+02 5.837866185666564710e-05
7.537688442211054962e+02 5.898112118392768955e-05
7.542713567839196003e+02 5.994161223243973377e-05
7.547738693467337043e+02 6.064012160653289011e-05
7.552763819095476947e+02 6.086430815955239234e-05
7.557788944723617988e+02 6.081876366524057446e-05
7.562814070351759028e+02 6.125852738275527995e-05
7.567839195979898932e+02 6.156588602093810683e-05
7.572864321608039972e+02 6.149218140705779191e-05
7.577889447236181013e+02 6.149777275626728461e-05
7.582914572864322054e+02 6.160778873801356305e-05
7.587939698492461957e+02 6.180740751109408283e-05
7.592964824120602998e+02 6.197469186065071979e-05
7.597989949748744039e+02 6.274872947871643558e-05
7.603015075376883942e+02 6.328082773421183770e-05
7.608040201005024983e+02 6.356520994072076497e-05
7.613065326633166023e+02 6.379503752767487794e-05
7.618090452261305927e+02 6.421577814525749293e-05
7.623115577889446968e+02 6.444328862072504997e-05
7.628140703517588008e+02 6.442316185665897873e-05
7.633165829145729049e+02 6.431529225260239130e-05
7.638190954773868953e+02 6.417956411394794692e-05
7.643216080402009993e+02 6.418750618342327512e-05
7.648241206030151034e+02 6.420538770196172079e-05
7.653266331658290937e+02 6.424777096376786656e-05
7.658291457286431978e+02 6.433286927467441146e-05
7.663316582914573019e+02 6.424787975152517925e-05
7.668341708542714059e+02 6.415258347868124243e-05
7.673366834170853963e+02 6.443593807048063045e-05
7.678391959798995003e+02 6.487144618883938481e-05
7.683417085427136044e+02 6.456923649825244387e-05
7.688442211055275948e+02 6.439456954379537941e-05
7.693467336683416988e+02 6.455512032971825684e-05
7.698492462311558029e+02 6.475078832963306020e-05
7.703517587939697933e+02 6.472390692575370438e-05
7.708542713567838973e+02 6.512811497858080523e-05
7.713567839195980014e+02 6.570629882141965951e-05
7.718592964824119917e+02 6.653130886268167734e-05
7.723618090452260958e+02 6.689720224469667754e-05
7.728643216080401999e+02 6.733896116837608935e-05
7.733668341708543039e+02 6.742204825781272315e-05
7.738693467336682943e+02 6.743646486772330456e-05
7.743718592964823983e+02 6.724623405432953317e-05
7.748743718592965024e+02 6.670853288786073585e-05
7.753768844221106065e+02 6.583650641302300462e-05
7.758793969849245968e+02 6.494678279582044458e-05
7.763819095477387009e+02 6.433631417312245617e-05
7.768844221105528050e+02 6.439912654972275907e-05
7.773869346733667953e+02 6.435612838372196649e-05
7.778894472361808994e+02 6.472165230115385290e-05
7.783919597989950034e+02 6.543219939314182880e-05
7.788944723618089938e+02 6.626669085909620038e-05
7.793969849246230979e+02 6.717646245930869009e-05
7.798994974874372019e+02 6.837219266161641241e-05
7.804020100502511923e+02 6.975329916539801522e-05
7.809045226130652964e+02 7.040855030093449431e-05
7.814070351758794004e+02 7.025448127502183779e-05
7.819095477386935045e+02 6.961310220642744323e-05
7.824120603015074948e+02 6.894361707935721059e-05
7.829145728643215989e+02 6.837535258538385795e-05
7.834170854271357030e+02 6.781692669937307045e-05
7.839195979899496933e+02 6.761293727468991059e-05
7.844221105527637974e+02 6.751693658857164048e-05
7.849246231155779014e+02 6.762101552949141136e-05
7.854271356783920055e+02 6.806542014930890515e-05
7.859296482412059959e+02 6.885070832660862322e-05
7.864321608040200999e+02 6.970937104967092114e-05
7.869346733668342040e+02 7.066466286904390199e-05
7.874371859296481944e+02 7.160145398383656117e-05
7.879396984924622984e+02 7.200126189490648160e-05
7.884422110552764025e+02 7.170130205025360712e-05
7.889447236180903928e+02 7.115004802490583773e-05
7.894472361809044969e+02 7.064412969658944287e-05
7.899497487437186010e+02 6.922268696572850646e-05
7.904522613065325913e+02 6.743902350511502550e-05
7.909547738693466954e+02 6.563625772380305291e-05
7.914572864321607994e+02 6.454485824333358992e-05
7.919597989949749035e+02 6.412085152046580877e-05
7.924623115577888939e+02 6.463084846970432228e-05
7.929648241206029979e+02 6.598965860061017290e-05
7.934673366834171020e+02 6.787474791975091999e-05
7.939698492462312061e+02 7.038138561004819466e-05
7.944723618090451964e+02 7.245556412764043107e-05
7.949748743718593005e+02 7.405993752208848958e-05
7.954773869346734045e+02 7.515759076609446275e-05
7.959798994974873949e+02 7.527918235373449768e-05
7.964824120603014990e+02 7.475695532645937910e-05
7.969849246231156030e+02 7.274959743269296159e-05
7.974874371859295934e+02 6.930950992448404991e-05
7.979899497487436975e+02 6.454017526760450895e-05
7.984924623115578015e+02 5.835211682604177371e-05
7.989949748743717919e+02 5.070154757799394228e-05
7.994974874371858959e+02 4.210353330022165099e-05
8.000000000000000000e+02 3.273458156059483564e-05
