7.000000000000000000e+02 1.972507342779473004e-05
7.005025125628141041e+02 1.980918284155222474e-05
7.010050251256280944e+02 1.981028217275370093e-05
7.015075376884421985e+02 1.982874590554134677e-05
7.020100502512563025e+02 1.987352075217909778e-05
7.025125628140704066e+02 1.999858976057949459e-05
7.030150753768843970e+02 2.036118360937287080e-05
7.035175879396985010e+02 2.059083601686197425e-05
7.040201005025126051e+02 2.082913041831640512e-05
7.045226130653265955e+02 2.114965000321432573e-05
7.050251256281406995e+02 2.144449793746517935e-05
7.055276381909548036e+02 2.189671401100813663e-05
7.060301507537687939e+02 2.222749804019986323e-05
7.065326633165828980e+02 2.270795819324025535e-05
7.070351758793970021e+02 2.315199529276444710e-05
7.075376884422111061e+02 2.339009937023054452e-05
7.080402010050250965e+02 2.383240169677596190e-05
7.085427135678392006e+02 2.435578678695512277e-05
7.090452261306533046e+02 2.485674615768234348e-05
7.095477386934672950e+02 2.525815006998269023e-05
7.100502512562813990e+02 2.536121379594665135e-05
7.105527638190955031e+02 2.543348070995529297e-05
7.110552763819094935e+02 2.542507402865513182e-05
7.115577889447235975e+02 2.555882741600067626e-05
7.120603015075377016e+02 2.564310089059785937e-05
7.125628140703518056e+02 2.542991559061015113e-05
7.130653266331657960e+02 2.537606346218906182e-05
7.135678391959799001e+02 2.546162348514876932e-05
7.140703517587940041e+02 2.531206857175953518e-05
7.145728643216079945e+02 2.503999710620638408e-05
7.150753768844220986e+02 2.482204543387256639e-05
7.155778894472362026e+02 2.503766044557386862e-05
7.160804020100501930e+02 2.522302561112152932e-05
7.165829145728642970e+02 2.559826383678716962e-05
7.170854271356784011e+02 2.614951996303140861e-05
7.175879396984925052e+02 2.683063307908719914e-05
7.180904522613064955e+02 2.791838764827762298e-05
7.185929648241205996e+02 2.908773987671120571e-05
7.190954773869347036e+02 3.031455534204838701e-05
7.195979899497486940e+02 3.190930455212139845e-05
7.201005025125627981e+02 3.372837725854054843e-05
7.206030150753769021e+02 3.493470805901886849e-05
7.211055276381910062e+02 3.629196711973170584e-05
7.216080402010049966e+02 3.761074550235142788e-05
7.221105527638191006e+02 3.863248154604792897e-05
7.226130653266332047e+02 3.959924930362736180e-05
7.231155778894471950e+02 4.038919525868413566e-05
7.236180904522612991e+02 4.057143767558577793e-05
7.241206030150754032e+02 4.074576852369575611e-05
7.246231155778893935e+02 4.101583438220268648e-05
7.251256281407034976e+02 4.098421835503914765e-05
7.256281407035176017e+02 4.099152896565431303e-05
7.261306532663317057e+02 4.072682044238164477e-05
7.266331658291456961e+02 4.060345142554525755e-05
7.271356783919598001e+02 4.059504517734848205e-05
7.276381909547739042e+02 4.093935864551525222e-05
7.281407035175878946e+02 4.159900605032912808e-05
7.286432160804019986e+02 4.207736725016119386e-05
7.291457286432161027e+02 4.284111898924114757e-05
7.296482412060302067e+02 4.405361097526525347e-05
7.301507537688441971e+02 4.514716399262118618e-05
7.306532663316583012e+02 4.652292861928393253e-05
7.311557788944724052e+02 4.783381501901689631e-05
7.316582914572863956e+02 4.907637169666862468e-05
7.321608040201004997e+02 5.074750411238758999e-05
7.326633165829146037e+02 5.267697124428031549e-05
7.331658291457285941e+02 5.366933157316980353e-05
7.336683417085426981e+02 5.477808474443629782e-05
7.341708542713568022e+02 5.550602354876994917e-05
7.346733668341707926e+02 5.640581329040072296e-05
7.351758793969848966e+02 5.743901901448716577e-05
7.356783919597990007e+02 5.783823874918343208e-05
7.361809045226131047e+02 5.783789208009478710e-05
7.366834170854270951e+02 5.776081056678688402e-05
7.371859296482411992e+02 5.729870085918791151e-05
7.376884422110553032e+02 5.695398252055009603e-05
7.381909547738692936e+02 5.637435663128161398e-05
7.386934673366833977e+02 5.522623624748554616e-05
7.391959798994975017e+02 5.440225197616960342e-05
7.396984924623116058e+02 5.416741624551821510e-05
7.402010050251255961e+02 5.414212114476719587e-05
7.407035175879397002e+02 5.453506476872353888e-05
7.412060301507538043e+02 5.531891793991701125e-05
7.417085427135677946e+02 5.612456137682773427e-05
7.422110552763818987e+02 5.657539221368444927e-05
7.427135678391960028e+02 5.746216667421462479e-05
7.432160804020099931e+02 5.844069676658534266e-05
7.437185929648240972e+02 5.906007880931004396e-05
7.442211055276382012e+02 5.899844004577571729e-05
7.447236180904523053e+02 5.874734665107928639e-05
7.452261306532662957e+02 5.839170801036285913e-05
7.457286432160803997e+02 5.803291829297114649e-05
7.462311557788945038e+02 5.789086990513352582e-05
7.467336683417084942e+02 5.792046515457876924e-05
7.472361809045225982e+02 5.751461506980820094e-05
7.477386934673367023e+02 5.645327861897014296e-05
7.482412060301508063e+02 5.600618000071389750e-05
7.487437185929647967e+02 5.597554402111155084e-05
7.492462311557789008e+02 5.609571491810452461e-05
7.497487437185930048e+02 5.666903480112044322e-05
7.502512562814069952e+02 5.729038962114154504e-05
7.507537688442210992e+02 5.810704588268074313e-05
7.512562814070352033e+02 5.913485169541178089e-05
7.517587939698491937e+02 5.958063895681372374e-05
7.522613065326632977e+02 5.999907633229032105e-05
7.527638190954774018e+02 6.012076364828972493e-05
7.532663316582913922e+02 6.010330559004938320e-05
7.537688442211054962e+02 5.985287770343906472e-05
7.542713567839196003e+02 5.985766945888954839e-05
7.547738693467337043e+02 5.984938265264124472e-05
7.552763819095476947e+02 5.959750119903827115e-05
7.557788944723617988e+02 5.932333964146097326e-05
7.562814070351759028e+02 5.987920987425411845e-05
7.567839195979898932e+02 6.038022737497936702e-05
7.572864321608039972e+02 6.061250109196889826e-05
7.577889447236181013e+02 6.103771886738068033e-05
7.582914572864322054e+02 6.151505687945911971e-05
7.587939698492461957e+02 6.195197650488724948e-05
7.592964824120602998e+02 6.226466085957773993e-05
7.597989949748744039e+02 6.301386669171314952e-05
7.603015075376883942e+02 6.344677561981708629e-05
7.608040201005024983e+02 6.370124930179675484e-05
7.613065326633166023e+02 6.365760732370245433e-05
7.618090452261305927e+02 6.361054740122051203e-05
7.623115577889446968e+02 6.305841425510839797e-05
7.628140703517588008e+02 6.242651102922271069e-05
7.633165829145729049e+02 6.172595909948395130e-05
7.638190954773868953e+02 6.108539086868301684e-05
7.643216080402009993e+02 6.087746525325547737e-05
7.648241206030151034e+02 6.092514567114903614e-05
7.653266331658290937e+02 6.114395418542375570e-05
7.658291457286431978e+02 6.149822031081348317e-05
7.663316582914573019e+02 6.187272000940311205e-05
7.668341708542714059e+02 6.213145980629935052e-05
7.673366834170853963e+02 6.266348330115081519e-05
7.678391959798995003e+02 6.328701149464656254e-05
7.683417085427136044e+02 6.318533374032763621e-05
7.688442211055275948e+02 6.299658586203414287e-05
7.693467336683416988e+02 6.299788104750943772e-05
7.698492462311558029e+02 6.298937056349575780e-05
7.703517587939697933e+02 6.266568004639992684e-05
7.708542713567838973e+02 6.290851049990930097e-05
7.713567839195980014e+02 6.357253025083688482e-05
7.718592964824119917e+02 6.471006856736658301e-05
7.723618090452260958e+02 6.565402240472926804e-05
7.728643216080401999e+02 6.684402940350531858e-05
7.733668341708543039e+02 6.783010614609895599e-05
7.738693467336682943e+02 6.878172599515188521e-05
7.743718592964823983e+02 6.967728547694982267e-05
7.748743718592965024e+02 6.995703381663229592e-05
7.753768844221106065e+02 6.970889675337163711e-05
7.758793969849245968e+02 6.932954104582120919e-05
7.763819095477387009e+02 6.884863706572852816e-05
7.768844221105528050e+02 6.859912850494768869e-05
7.773869346733667953e+02 6.795341323257412689e-05
7.778894472361808994e+02 6.725479197405708506e-05
7.783919597989950034e+02 6.668491155303674838e-05
7.788944723618089938e+02 6.616643644925845110e-05
7.793969849246230979e+02 6.577227316548314631e-05
7.798994974874372019e+02 6.599992743861759245e-05
7.804020100502511923e+02 6.666988949538797140e-05
7.809045226130652964e+02 6.709093777561995814e-05
7.814070351758794004e+02 6.722121743456565851e-05
7.819095477386935045e+02 6.712811982124062854e-05
7.824120603015074948e+02 6.708956061075034810e-05
7.829145728643215989e+02 6.713386960716426829e-05
7.834170854271357030e+02 6.698454754073996937e-05
7.839195979899496933e+02 6.683231796602448157e-05
7.844221105527637974e+02 6.664155185137549716e-05
7.849246231155779014e+02 6.649470278243255412e-05
7.854271356783920055e+02 6.664947093123592067e-05
7.859296482412059959e+02 6.719546911755762159e-05
7.864321608040200999e+02 6.809804468800661570e-05
7.869346733668342040e+02 6.929954585812839369e-05
7.874371859296481944e+02 7.084218226660244267e-05
7.879396984924622984e+02 7.211248360010977644e-05
7.884422110552764025e+02 7.297474275426225258e-05
7.889447236180903928e+02 7.384734694521593722e-05
7.894472361809044969e+02 7.465024727084853000e-05
7.899497487437186010e+02 7.443247421353796638e-05
7.904522613065325913e+02 7.350954238727112715e-05
7.909547738693466954e+02 7.224541986006217389e-05
7.914572864321607994e+02 7.129657757257261690e-05
7.919597989949749035e+02 7.057239225061262089e-05
7.924623115577888939e+02 7.032287794552312041e-05
7.929648241206029979e+02 7.063019176930739019e-05
7.934673366834171020e+02 7.126044736727892882e-05
7.939698492462312061e+02 7.246464866046348013e-05
7.944723618090451964e+02 7.345491033389095633e-05
7.949748743718593005e+02 7.421067523147438125e-05
7.954773869346734045e+02 7.466754280843130903e-05
7.959798994974873949e+02 7.453419371091016125e-05
7.964824120603014990e+02 7.393294351916909475e-05
7.969849246231156030e+02 7.208651923360075034e-05
7.974874371859295934e+02 6.887031104259507821e-05
7.979899497487436975e+02 6.425062635378870333e-05
7.984924623115578015e+02 5.826701946060697739e-05
7.989949748743717919e+02 5.066825116363575738e-05
7.994974874371858959e+02 4.197139212398127718e-05
8.000000000000000000e+02 3.215692336389230655e-05
