7.000000000000000000e+02 5.551149806524601269e-05
7.005025125628141041e+02 5.447164671365417360e-05
7.010050251256280944e+02 5.342498740596152135e-05
7.015075376884421985e+02 5.254124601803515784e-05
7.020100502512563025e+02 5.162968380731126081e-05
7.025125628140704066e+02 5.064551681996995182e-05
7.030150753768843970e+02 4.964732190856134493e-05
7.035175879396985010e+02 4.867490547802115741e-05
7.040201005025126051e+02 4.751305340134905449e-05
7.045226130653265955e+02 4.630088894320939438e-05
7.050251256281406995e+02 4.515504201745830997e-05
7.055276381909548036e+02 4.405621619776273570e-05
7.060301507537687939e+02 4.286308154183011802e-05
7.065326633165828980e+02 4.157128407174023047e-05
7.070351758793970021e+02 4.033588634116773013e-05
7.075376884422111061e+02 3.915332850489933815e-05
7.080402010050250965e+02 3.794878445795811517e-05
7.085427135678392006e+02 3.687101250288463242e-05
7.090452261306533046e+02 3.577873888768943854e-05
7.095477386934672950e+02 3.470675345124685094e-05
7.100502512562813990e+02 3.364719904746156260e-05
7.105527638190955031e+02 3.275586507640771848e-05
7.110552763819094935e+02 3.209000114554560573e-05
7.115577889447235975e+02 3.134916794078187389e-05
7.120603015075377016e+02 3.075522423438491838e-05
7.125628140703518056e+02 3.017543819348671944e-05
7.130653266331657960e+02 2.959305021795318458e-05
7.135678391959799001e+02 2.906690362429726105e-05
7.140703517587940041e+02 2.858897028715021504e-05
7.145728643216079945e+02 2.821725394718612950e-05
7.150753768844220986e+02 2.796051651282574190e-05
7.155778894472362026e+02 2.787454522936943951e-05
7.160804020100501930e+02 2.782444974830909035e-05
7.165829145728642970e+02 2.784344939487190217e-05
7.170854271356784011e+02 2.794560003528532132e-05
7.175879396984925052e+02 2.805794276551538347e-05
7.180904522613064955e+02 2.822092657194314854e-05
7.185929648241205996e+02 2.841903641240892600e-05
7.190954773869347036e+02 2.861489778858546267e-05
7.195979899497486940e+02 2.869205640409360725e-05
7.201005025125627981e+02 2.881125593987240679e-05
7.206030150753769021e+02 2.907229232640467232e-05
7.211055276381910062e+02 2.922560125309273948e-05
7.216080402010049966e+02 2.927695160330722658e-05
7.221105527638191006e+02 2.937077112578991608e-05
7.226130653266332047e+02 2.913382735247825573e-05
7.231155778894471950e+02 2.884706067552262365e-05
7.236180904522612991e+02 2.873627283035433121e-05
7.241206030150754032e+02 2.873610914405029784e-05
7.246231155778893935e+02 2.867669214312358486e-05
7.251256281407034976e+02 2.860713815120769681e-05
7.256281407035176017e+02 2.885518382098306353e-05
7.261306532663317057e+02 2.929183697066047365e-05
7.266331658291456961e+02 2.997421483530481393e-05
7.271356783919598001e+02 3.127419938040326583e-05
7.276381909547739042e+02 3.285067699228891443e-05
7.281407035175878946e+02 3.465077842045971823e-05
7.286432160804019986e+02 3.664796858968760517e-05
7.291457286432161027e+02 3.864822917272207940e-05
7.296482412060302067e+02 4.087748301240858853e-05
7.301507537688441971e+02 4.278919223052248146e-05
7.306532663316583012e+02 4.459633752914730274e-05
7.311557788944724052e+02 4.648034585855981808e-05
7.316582914572863956e+02 4.833783233948782789e-05
7.321608040201004997e+02 4.990003817409618118e-05
7.326633165829146037e+02 5.132162431728678424e-05
7.331658291457285941e+02 5.196073327763806304e-05
7.336683417085426981e+02 5.241472573720096310e-05
7.341708542713568022e+02 5.267599464129095379e-05
7.346733668341707926e+02 5.273698785904072130e-05
7.351758793969848966e+02 5.287609888279170487e-05
7.356783919597990007e+02 5.276175556599175604e-05
7.361809045226131047e+02 5.221526798156713372e-05
7.366834170854270951e+02 5.128181177801916006e-05
7.371859296482411992e+02 5.003027033067614570e-05
7.376884422110553032e+02 4.868901195157921286e-05
7.381909547738692936e+02 4.755130251053367132e-05
7.386934673366833977e+02 4.613964092812472789e-05
7.391959798994975017e+02 4.530953113612157116e-05
7.396984924623116058e+02 4.526954375137543125e-05
7.402010050251255961e+02 4.548802508365566802e-05
7.407035175879397002e+02 4.634685509045505361e-05
7.412060301507538043e+02 4.795500026588738683e-05
7.417085427135677946e+02 4.977313965212100269e-05
7.422110552763818987e+02 5.156378516415519676e-05
7.427135678391960028e+02 5.382603573680941556e-05
7.432160804020099931e+02 5.595701821651886926e-05
7.437185929648240972e+02 5.769840860687099022e-05
7.442211055276382012e+02 5.877987795349491905e-05
7.447236180904523053e+02 5.937464320132814074e-05
7.452261306532662957e+02 5.966959343955174542e-05
7.457286432160803997e+02 5.966232057752726453e-05
7.462311557788945038e+02 5.960965568670378265e-05
7.467336683417084942e+02 5.951063588012289393e-05
7.472361809045225982e+02 5.874568915615029232e-05
7.477386934673367023e+02 5.716191539127207745e-05
7.482412060301508063e+02 5.595355583638703329e-05
7.487437185929647967e+02 5.520760509143048811e-05
7.492462311557789008e+02 5.471077270344887697e-05
7.497487437185930048e+02 5.481680081197489737e-05
7.502512562814069952e+02 5.532631986326351931e-05
7.507537688442210992e+02 5.609613301359073521e-05
7.512562814070352033e+02 5.727426297975560791e-05
7.517587939698491937e+02 5.801720430193506696e-05
7.522613065326632977e+02 5.902623664852762434e-05
7.527638190954774018e+02 5.975447693512057185e-05
7.532663316582913922e+02 6.033775933660110634e-05
7.537688442211054962e+02 6.061570126245212781e-05
7.542713567839196003e+02 6.101731736772405586e-05
7.547738693467337043e+02 6.104316389495867184e-05
7.552763819095476947e+02 6.053022657351837484e-05
7.557788944723617988e+02 5.962042418002223815e-05
7.562814070351759028e+02 5.902923240757311274e-05
7.567839195979898932e+02 5.840550342947310405e-05
7.572864321608039972e+02 5.746350059096599986e-05
7.577889447236181013e+02 5.662043649258514884e-05
7.582914572864322054e+02 5.614882901990349160e-05
7.587939698492461957e+02 5.615725601215850555e-05
7.592964824120602998e+02 5.644144712549096008e-05
7.597989949748744039e+02 5.756370923937062701e-05
7.603015075376883942e+02 5.881732206895833151e-05
7.608040201005024983e+02 6.017490421339364372e-05
7.613065326633166023e+02 6.138319826638356769e-05
7.618090452261305927e+02 6.276227574435389771e-05
7.623115577889446968e+02 6.385401304890516610e-05
7.628140703517588008e+02 6.445934236009067655e-05
7.633165829145729049e+02 6.464824396281331138e-05
7.638190954773868953e+02 6.445425146149075279e-05
7.643216080402009993e+02 6.411430682119077177e-05
7.648241206030151034e+02 6.361076291856576084e-05
7.653266331658290937e+02 6.295161780134883036e-05
7.658291457286431978e+02 6.218951589855149602e-05
7.663316582914573019e+02 6.149039732012253137e-05
7.668341708542714059e+02 6.089585562904762007e-05
7.673366834170853963e+02 6.069616469789016914e-05
7.678391959798995003e+02 6.066715588397333247e-05
7.683417085427136044e+02 6.024743246206581997e-05
7.688442211055275948e+02 6.019994167344167442e-05
7.693467336683416988e+02 6.092974766768364348e-05
7.698492462311558029e+02 6.185994243033034071e-05
7.703517587939697933e+02 6.260153325536722379e-05
7.708542713567838973e+02 6.361583877653436011e-05
7.713567839195980014e+02 6.465066585895471081e-05
7.718592964824119917e+02 6.561126322047207665e-05
7.723618090452260958e+02 6.587982890646539578e-05
7.728643216080401999e+02 6.594734475388330255e-05
7.733668341708543039e+02 6.554964721962630071e-05
7.738693467336682943e+02 6.483852314756956736e-05
7.743718592964823983e+02 6.385682402012267769e-05
7.748743718592965024e+02 6.257167410767269864e-05
7.753768844221106065e+02 6.123350980103918061e-05
7.758793969849245968e+02 6.014295875813883345e-05
7.763819095477387009e+02 5.960944926008447469e-05
7.768844221105528050e+02 5.991903580753030792e-05
7.773869346733667953e+02 6.039991499398318468e-05
7.778894472361808994e+02 6.147027038353814268e-05
7.783919597989950034e+02 6.283843447012092871e-05
7.788944723618089938e+02 6.421555775009733596e-05
7.793969849246230979e+02 6.552525761910713844e-05
7.798994974874372019e+02 6.682626294755314932e-05
7.804020100502511923e+02 6.789960202952063136e-05
7.809045226130652964e+02 6.834244533373010153e-05
7.814070351758794004e+02 6.793073350481345610e-05
7.819095477386935045e+02 6.707480394387298249e-05
7.824120603015074948e+02 6.627509230246174680e-05
7.829145728643215989e+02 6.584477007537479359e-05
7.834170854271357030e+02 6.555632424173768740e-05
7.839195979899496933e+02 6.566040031754588147e-05
7.844221105527637974e+02 6.619043032997376443e-05
7.849246231155779014e+02 6.704360830957191918e-05
7.854271356783920055e+02 6.807200745704860450e-05
7.859296482412059959e+02 6.921854002865704652e-05
7.864321608040200999e+02 7.042834127632859184e-05
7.869346733668342040e+02 7.148433509900637274e-05
7.874371859296481944e+02 7.237425227505012897e-05
7.879396984924622984e+02 7.260702038106954450e-05
7.884422110552764025e+02 7.207741441262356934e-05
7.889447236180903928e+02 7.125061170822348695e-05
7.894472361809044969e+02 7.034444686410301531e-05
7.899497487437186010e+02 6.847312321272933263e-05
7.904522613065325913e+02 6.619505244791929757e-05
7.909547738693466954e+02 6.361012809405589300e-05
7.914572864321607994e+02 6.122271763557862484e-05
7.919597989949749035e+02 5.960833030542394504e-05
7.924623115577888939e+02 5.889578882618790007e-05
7.929648241206029979e+02 5.931719815667084233e-05
7.934673366834171020e+02 6.059904217279576673e-05
7.939698492462312061e+02 6.289724543801781447e-05
7.944723618090451964e+02 6.530430306340847212e-05
7.949748743718593005e+02 6.767646953210718519e-05
7.954773869346734045e+02 6.996667925925112821e-05
7.959798994974873949e+02 7.181458786505904126e-05
7.964824120603014990e+02 7.289130038018717191e-05
7.969849246231156030e+02 7.317438021489895423e-05
7.974874371859295934e+02 7.268417810231216536e-05
7.979899497487436975e+02 7.108160930723145233e-05
7.984924623115578015e+02 6.857280261860489938e-05
7.989949748743717919e+02 6.518395962340328535e-05
7.994974874371858959e+02 6.122327597069857042e-05
8.000000000000000000e+02 5.725253515679661027e-05
