7.000000000000000000e+02 5.480576284692864603e-05
7.010101010101010388e+02 5.265161608446251336e-05
7.020202020202019639e+02 5.062171363221006299e-05
7.030303030303030027e+02 4.832041250466812384e-05
7.040404040404040416e+02 4.587796878857125092e-05
7.050505050505050804e+02 4.354521017208165344e-05
7.060606060606060055e+02 4.117799523384556699e-05
7.070707070707070443e+02 3.871461555633030259e-05
7.080808080808080831e+02 3.656081472783979464e-05
7.090909090909091219e+02 3.462211374531509571e-05
7.101010101010100470e+02 3.296179100449912947e-05
7.111111111111110858e+02 3.154969034460188996e-05
7.121212121212121247e+02 3.065874667932488000e-05
7.131313131313131635e+02 2.999915129003046267e-05
7.141414141414140886e+02 2.956603039737573234e-05
7.151515151515151274e+02 2.955601720478559993e-05
7.161616161616161662e+02 2.965878795564500981e-05
7.171717171717172050e+02 2.976725532368698209e-05
7.181818181818181301e+02 2.972484255421680018e-05
7.191919191919191690e+02 2.902069185819797673e-05
7.202020202020202078e+02 2.792704440678372990e-05
7.212121212121212466e+02 2.663437987764071611e-05
7.222222222222221717e+02 2.571487299613679745e-05
7.232323232323232105e+02 2.594903588700756689e-05
7.242424242424242493e+02 2.791735643711524306e-05
7.252525252525252881e+02 3.172548846483886102e-05
7.262626262626262132e+02 3.595064369900218150e-05
7.272727272727272521e+02 4.084193751849194760e-05
7.282828282828282909e+02 4.437263877179596394e-05
7.292929292929293297e+02 4.733266858226341852e-05
7.303030303030302548e+02 4.965946575228203801e-05
7.313131313131312936e+02 5.101209939407087379e-05
7.323232323232323324e+02 5.122596642355265969e-05
7.333333333333333712e+02 5.128207095472554230e-05
7.343434343434342964e+02 5.068365209497454428e-05
7.353535353535353352e+02 5.060997034144702739e-05
7.363636363636363740e+02 5.084258491407198951e-05
7.373737373737374128e+02 5.130335861762755069e-05
7.383838383838383379e+02 5.179109177040676381e-05
7.393939393939393767e+02 5.275755873279291871e-05
7.404040404040404155e+02 5.371136048421369522e-05
7.414141414141414543e+02 5.450606669774013443e-05
7.424242424242423795e+02 5.457825301312089643e-05
7.434343434343434183e+02 5.505130523098131034e-05
7.444444444444444571e+02 5.624621991740546325e-05
7.454545454545454959e+02 5.730038420081108884e-05
7.464646464646464210e+02 5.816258459320860873e-05
7.474747474747474598e+02 5.887244698192789228e-05
7.484848484848484986e+02 5.916598199514244878e-05
7.494949494949495374e+02 5.986090239758258151e-05
7.505050505050504626e+02 5.995103025338137945e-05
7.515151515151515014e+02 5.968821282715572844e-05
7.525252525252525402e+02 5.860299356601372285e-05
7.535353535353535790e+02 5.705167611951275300e-05
7.545454545454545041e+02 5.658855966139933778e-05
7.555555555555555429e+02 5.641572951589792748e-05
7.565656565656565817e+02 5.669174096085226170e-05
7.575757575757576205e+02 5.822469048134541639e-05
7.585858585858585457e+02 6.032989979707522568e-05
7.595959595959595845e+02 6.234315298484357983e-05
7.606060606060606233e+02 6.322838294725014851e-05
7.616161616161616621e+02 6.339811668985643187e-05
7.626262626262625872e+02 6.342843989535750242e-05
7.636363636363636260e+02 6.268744093004787658e-05
7.646464646464646648e+02 6.151241679605219702e-05
7.656565656565657036e+02 6.056947227784401853e-05
7.666666666666666288e+02 6.014054247951132080e-05
7.676767676767676676e+02 6.054864818954533608e-05
7.686868686868687064e+02 6.228520988570399508e-05
7.696969696969697452e+02 6.451355753548681008e-05
7.707070707070706703e+02 6.585482788228022328e-05
7.717171717171717091e+02 6.561081879533465176e-05
7.727272727272727479e+02 6.375241891015284528e-05
7.737373737373737868e+02 6.166519687804723087e-05
7.747474747474747119e+02 6.027711664346493259e-05
7.757575757575757507e+02 6.020763037896993832e-05
7.767676767676767895e+02 6.130573829724909819e-05
7.777777777777778283e+02 6.255021819629611672e-05
7.787878787878787534e+02 6.357349288524662373e-05
7.797979797979797922e+02 6.433713126014683960e-05
7.808080808080808310e+02 6.496993428766544248e-05
7.818181818181818699e+02 6.526118964725632465e-05
7.828282828282827950e+02 6.471099282137816487e-05
7.838383838383838338e+02 6.484867451375568115e-05
7.848484848484848726e+02 6.508140917819512001e-05
7.858585858585859114e+02 6.681095602691058315e-05
7.868686868686868365e+02 6.878770395498572457e-05
7.878787878787878753e+02 6.944597009824759223e-05
7.888888888888889142e+02 6.780274664874982524e-05
7.898989898989899530e+02 6.491818040439894329e-05
7.909090909090908781e+02 6.067802872349221005e-05
7.919191919191919169e+02 5.742946624386078208e-05
7.929292929292929557e+02 5.699418244567194987e-05
7.939393939393939945e+02 6.035044321276235882e-05
7.949494949494949196e+02 6.590069451228392156e-05
7.959595959595959584e+02 7.087828030768036837e-05
7.969696969696969973e+02 7.336694258799153435e-05
7.979797979797979224e+02 7.166527135685672940e-05
7.989898989898989612e+02 6.584214896825095378e-05
8.000000000000000000e+02 5.877758175613237239e-05
