7.000000000000000000e+02 5.538343614165048613e-05
7.002004008016032230e+02 5.494429636459138405e-05
7.004008016032064461e+02 5.446095462920241934e-05
7.006012024048096691e+02 5.405615355152823499e-05
7.008016032064127785e+02 5.364245354410170850e-05
7.010020040080160015e+02 5.322860657593132838e-05
7.012024048096192246e+02 5.285564874388313221e-05
7.014028056112224476e+02 5.255804412459356696e-05
7.016032064128256707e+02 5.223747839378449471e-05
7.018036072144288937e+02 5.191606852774345934e-05
7.020040080160321168e+02 5.156194114453734696e-05
7.022044088176352261e+02 5.119547488343421888e-05
7.024048096192384492e+02 5.081000769784908871e-05
7.026052104208416722e+02 5.041071797292765903e-05
7.028056112224448952e+02 4.999247797727525731e-05
7.030060120240481183e+02 4.953538077473063371e-05
7.032064128256513413e+02 4.905184211988577558e-05
7.034068136272545644e+02 4.853479364421513210e-05
7.036072144288576737e+02 4.808849413316079166e-05
7.038076152304608968e+02 4.764050386667331759e-05
7.040080160320641198e+02 4.713570029268447274e-05
7.042084168336673429e+02 4.662486801014172256e-05
7.044088176352705659e+02 4.611612930644319461e-05
7.046092184368737890e+02 4.565076650514698393e-05
7.048096192384768983e+02 4.514800862729743269e-05
7.050100200400801214e+02 4.463381712292772930e-05
7.052104208416833444e+02 4.413221523707111011e-05
7.054108216432865675e+02 4.362778113719222966e-05
7.056112224448897905e+02 4.313345249866485553e-05
7.058116232464930135e+02 4.264286080887702866e-05
7.060120240480962366e+02 4.214451223743270899e-05
7.062124248496993459e+02 4.174032308872081305e-05
7.064128256513025690e+02 4.134978859265635163e-05
7.066132264529057920e+02 4.088756066963689426e-05
7.068136272545090151e+02 4.039442311576075075e-05
7.070140280561122381e+02 3.991828172383288768e-05
7.072144288577154612e+02 3.944878091523533486e-05
7.074148296593186842e+02 3.901630443351823062e-05
7.076152304609217936e+02 3.856352865085666849e-05
7.078156312625250166e+02 3.813278873460030347e-05
7.080160320641282397e+02 3.770039022335350975e-05
7.082164328657314627e+02 3.725873285264384640e-05
7.084168336673346857e+02 3.684216983773566927e-05
7.086172344689379088e+02 3.647348255009213715e-05
7.088176352705411318e+02 3.602125393154329968e-05
7.090180360721442412e+02 3.558600534748195275e-05
7.092184368737474642e+02 3.517589029539084370e-05
7.094188376753506873e+02 3.481611639785909081e-05
7.096192384769539103e+02 3.447037890610672007e-05
7.098196392785571334e+02 3.405147408728176437e-05
7.100200400801603564e+02 3.365658538955157517e-05
7.102204408817635795e+02 3.334186053614065495e-05
7.104208416833666888e+02 3.301006868652390028e-05
7.106212424849699119e+02 3.264578184529087806e-05
7.108216432865731349e+02 3.232588269851275953e-05
7.110220440881763579e+02 3.204181313676706012e-05
7.112224448897795810e+02 3.171863670544730065e-05
7.114228456913828040e+02 3.142107671792974136e-05
7.116232464929860271e+02 3.116571899406394983e-05
7.118236472945891364e+02 3.093279832137065384e-05
7.120240480961923595e+02 3.065646112769685784e-05
7.122244488977955825e+02 3.039408300420880278e-05
7.124248496993988056e+02 3.015072660204121382e-05
7.126252505010020286e+02 2.985816949069804486e-05
7.128256513026052517e+02 2.957106557279643515e-05
7.130260521042084747e+02 2.931498935409713926e-05
7.132264529058115841e+02 2.906547150515995209e-05
7.134268537074148071e+02 2.885807452132319484e-05
7.136272545090180301e+02 2.867729474578713730e-05
7.138276553106212532e+02 2.847420381592114327e-05
7.140280561122244762e+02 2.829640321539727047e-05
7.142284569138276993e+02 2.817030396538548826e-05
7.144288577154308086e+02 2.810374838154316667e-05
7.146292585170340317e+02 2.802801669074679356e-05
7.148296593186372547e+02 2.794600504517794231e-05
7.150300601202404778e+02 2.788684287522187537e-05
7.152304609218437008e+02 2.784530610257862635e-05
7.154308617234469239e+02 2.785949674444729510e-05
7.156312625250501469e+02 2.786779205278190182e-05
7.158316633266532563e+02 2.795278579143325743e-05
7.160320641282564793e+02 2.810542647935485545e-05
7.162324649298597024e+02 2.822905308389088704e-05
7.164328657314629254e+02 2.830821333058284098e-05
7.166332665330661484e+02 2.836856268612448093e-05
7.168336673346693715e+02 2.849341041469082196e-05
7.170340681362725945e+02 2.858467692086735435e-05
7.172344689378757039e+02 2.869283512668074652e-05
7.174348697394789269e+02 2.884424486841374725e-05
7.176352705410821500e+02 2.899923368436535062e-05
7.178356713426853730e+02 2.918795629913937067e-05
7.180360721442885961e+02 2.929295240914056025e-05
7.182364729458918191e+02 2.944069109309659459e-05
7.184368737474950422e+02 2.966319661726285627e-05
7.186372745490981515e+02 2.985214505751602210e-05
7.188376753507013746e+02 3.001007883787145823e-05
7.190380761523045976e+02 3.012122018189272610e-05
7.192384769539078206e+02 3.014367229296593920e-05
7.194388777555110437e+02 3.021462517682661712e-05
7.196392785571142667e+02 3.024542944050356299e-05
7.198396793587174898e+02 3.023807561248139535e-05
7.200400801603205991e+02 3.014423779914867350e-05
7.202404809619238222e+02 3.011995685285359428e-05
7.204408817635270452e+02 3.018221843001417487e-05
7.206412825651302683e+02 3.004422465682949167e-05
7.208416833667334913e+02 2.986356129489654650e-05
7.210420841683367144e+02 2.963189203363428051e-05
7.212424849699398237e+02 2.951323785145925529e-05
7.214428857715430468e+02 2.939782713078896708e-05
7.216432865731462698e+02 2.929280594718532214e-05
7.218436873747494928e+02 2.917550539919538531e-05
7.220440881763527159e+02 2.903238877243944534e-05
7.222444889779559389e+02 2.891496315574425185e-05
7.224448897795591620e+02 2.882431282432711844e-05
7.226452905811622713e+02 2.853569930318877477e-05
7.228456913827654944e+02 2.829322158493857090e-05
7.230460921843687174e+02 2.819413146576437278e-05
7.232464929859719405e+02 2.816001334137732413e-05
7.234468937875751635e+02 2.817688506158426583e-05
7.236472945891783866e+02 2.807701452482647337e-05
7.238476953907816096e+02 2.803250617275745461e-05
7.240480961923847190e+02 2.786843432975253052e-05
7.242484969939879420e+02 2.773416459248772648e-05
7.244488977955911650e+02 2.761677037086178604e-05
7.246492985971943881e+02 2.755730079146902713e-05
7.248496993987976111e+02 2.742450376833439747e-05
7.250501002004008342e+02 2.728309024139786344e-05
7.252505010020040572e+02 2.716344967578033644e-05
7.254509018036071666e+02 2.713667582605202807e-05
7.256513026052103896e+02 2.713279000469040239e-05
7.258517034068136127e+02 2.717316640806732075e-05
7.260521042084168357e+02 2.728013939991021759e-05
7.262525050100200588e+02 2.749966295341684617e-05
7.264529058116232818e+02 2.781218583864630473e-05
7.266533066132265049e+02 2.818638523695833503e-05
7.268537074148296142e+02 2.869863085222827673e-05
7.270541082164328373e+02 2.932955565857426741e-05
7.272545090180360603e+02 3.002097736009164583e-05
7.274549098196392833e+02 3.073850199318413188e-05
7.276553106212425064e+02 3.145204502035336096e-05
7.278557114228457294e+02 3.222515066745646785e-05
7.280561122244489525e+02 3.311846428389175875e-05
7.282565130260520618e+02 3.404209692199591157e-05
7.284569138276552849e+02 3.494822940012573119e-05
7.286573146292585079e+02 3.600409122135940114e-05
7.288577154308617310e+02 3.699297734230805052e-05
7.290581162324649540e+02 3.798829432543671304e-05
7.292585170340681771e+02 3.911001085123401785e-05
7.294589178356714001e+02 4.017617044835413044e-05
7.296593186372745095e+02 4.110374304192599819e-05
7.298597194388777325e+02 4.198826226411827152e-05
7.300601202404809555e+02 4.292159920409263922e-05
7.302605210420841786e+02 4.379820575848544827e-05
7.304609218436874016e+02 4.459548236391796926e-05
7.306613226452906247e+02 4.546099010522031982e-05
7.308617234468937340e+02 4.627131584759204964e-05
7.310621242484969571e+02 4.722596488003201563e-05
7.312625250501001801e+02 4.816626749388062847e-05
7.314629258517034032e+02 4.910730312224522283e-05
7.316633266533066262e+02 5.015545862170444599e-05
7.318637274549098493e+02 5.098289290311649709e-05
7.320641282565130723e+02 5.181115819835756709e-05
7.322645290581161817e+02 5.249207471749109676e-05
7.324649298597194047e+02 5.307404883948479106e-05
7.326653306613226277e+02 5.363542026505602271e-05
7.328657314629258508e+02 5.423998154964109955e-05
7.330661322645290738e+02 5.482087832976798042e-05
7.332665330661322969e+02 5.528557869239087173e-05
7.334669338677355199e+02 5.571470428031192139e-05
7.336673346693386293e+02 5.613443023545017983e-05
7.338677354709418523e+02 5.637317535132011084e-05
7.340681362725450754e+02 5.659681888184889064e-05
7.342685370741482984e+02 5.655918066779552821e-05
7.344689378757515215e+02 5.665818387369454855e-05
7.346693386773547445e+02 5.657922938466064099e-05
7.348697394789579675e+02 5.657397363173725377e-05
7.350701402805610769e+02 5.646874538671271593e-05
7.352705410821643000e+02 5.635925605914813511e-05
7.354709418837675230e+02 5.624386937234802019e-05
7.356713426853707460e+02 5.595293617866475719e-05
7.358717434869739691e+02 5.559810985296054832e-05
7.360721442885771921e+02 5.523694994536245458e-05
7.362725450901803015e+02 5.503216488327122537e-05
7.364729458917835245e+02 5.467485962728086253e-05
7.366733466933867476e+02 5.407276719694755211e-05
7.368737474949899706e+02 5.352652964433874484e-05
7.370741482965931937e+02 5.313025401305093731e-05
7.372745490981964167e+02 5.262068120859590085e-05
7.374749498997996398e+02 5.213181548892466499e-05
7.376753507014027491e+02 5.146007248552584705e-05
7.378757515030059722e+02 5.077697054662738278e-05
7.380761523046091952e+02 5.025760151404520099e-05
7.382765531062124182e+02 4.980616873947025608e-05
7.384769539078156413e+02 4.944276616898079005e-05
7.386773547094188643e+02 4.905919821342660781e-05
7.388777555110220874e+02 4.863351479089689521e-05
7.390781563126251967e+02 4.834107299619187862e-05
7.392785571142284198e+02 4.833772523894265278e-05
7.394789579158316428e+02 4.858460609954007840e-05
7.396793587174348659e+02 4.893830892391099304e-05
7.398797595190380889e+02 4.936319316812129773e-05
7.400801603206413120e+02 4.962602903608432341e-05
7.402805611222445350e+02 4.988250496528400489e-05
7.404809619238476444e+02 5.029625807241586887e-05
7.406813627254508674e+02 5.051740741449519090e-05
7.408817635270540904e+02 5.063300089396314776e-05
7.410821643286573135e+02 5.078650142825136249e-05
7.412825651302605365e+02 5.101758812630052516e-05
7.414829659318637596e+02 5.141954237809285406e-05
7.416833667334669826e+02 5.198179999794899875e-05
7.418837675350700920e+02 5.277180575961562564e-05
7.420841683366733150e+02 5.355489075058694049e-05
7.422845691382765381e+02 5.408571245575403502e-05
7.424849699398797611e+02 5.449892012404107246e-05
7.426853707414829842e+02 5.514532201391604207e-05
7.428857715430862072e+02 5.581541327781959998e-05
7.430861723446894302e+02 5.633425105885224183e-05
7.432865731462925396e+02 5.682613688697614766e-05
7.434869739478957626e+02 5.720195549922130613e-05
7.436873747494989857e+02 5.766667496681405510e-05
7.438877755511022087e+02 5.816133145971328798e-05
7.440881763527054318e+02 5.847003237453003255e-05
7.442885771543086548e+02 5.880076558506267741e-05
7.444889779559118779e+02 5.925951306485238604e-05
7.446893787575149872e+02 5.935175648110715458e-05
7.448897795591182103e+02 5.933530224460505613e-05
7.450901803607214333e+02 5.935173243993711244e-05
7.452905811623246564e+02 5.930442024372426646e-05
7.454909819639278794e+02 5.916365836451540689e-05
7.456913827655311025e+02 5.911756228572235384e-05
7.458917835671343255e+02 5.908221316274413708e-05
7.460921843687374349e+02 5.892481253868695547e-05
7.462925851703406579e+02 5.883889532067605174e-05
7.464929859719438809e+02 5.864109395723587497e-05
7.466933867735471040e+02 5.844379255636820004e-05
7.468937875751503270e+02 5.829029510180690882e-05
7.470941883767535501e+02 5.809570225623430947e-05
7.472945891783567731e+02 5.781146064397246244e-05
7.474949899799598825e+02 5.750989892081291620e-05
7.476953907815631055e+02 5.719191883877703194e-05
7.478957915831663286e+02 5.680653595113108884e-05
7.480961923847695516e+02 5.653444827549688670e-05
7.482965931863727747e+02 5.629585351732654713e-05
7.484969939879759977e+02 5.595067081912242975e-05
7.486973947895791071e+02 5.583303150465074798e-05
7.488977955911823301e+02 5.559602496172467772e-05
7.490981963927855531e+02 5.536141545230747850e-05
7.492985971943887762e+02 5.523317708834105263e-05
7.494989979959919992e+02 5.534115109711237884e-05
7.496993987975952223e+02 5.539191173992131199e-05
7.498997995991984453e+02 5.517161369084300015e-05
7.501002004008015547e+02 5.510681745914824151e-05
7.503006012024047777e+02 5.473587137531463350e-05
7.505010020040080008e+02 5.464202965399845061e-05
7.507014028056112238e+02 5.470162840710607235e-05
7.509018036072144469e+02 5.474553428499138330e-05
7.511022044088176699e+02 5.483617685894406983e-05
7.513026052104208929e+02 5.503729687036218427e-05
7.515030060120240023e+02 5.522833761215959701e-05
7.517034068136272253e+02 5.540750836659097005e-05
7.519038076152304484e+02 5.565688485819443110e-05
7.521042084168336714e+02 5.614123526878819895e-05
7.523046092184368945e+02 5.635714875191395349e-05
7.525050100200401175e+02 5.657931683808306767e-05
7.527054108216433406e+02 5.695778175678826142e-05
7.529058116232464499e+02 5.731546292767270619e-05
7.531062124248496730e+02 5.759624750568188601e-05
7.533066132264528960e+02 5.789157425923545879e-05
7.535070140280561191e+02 5.836162583051143624e-05
7.537074148296593421e+02 5.869046061234975067e-05
7.539078156312625651e+02 5.894730758746825531e-05
7.541082164328656745e+02 5.907706104009891637e-05
7.543086172344688975e+02 5.911205575033314825e-05
7.545090180360721206e+02 5.927089815049922487e-05
7.547094188376753436e+02 5.938632240789368726e-05
7.549098196392785667e+02 5.934038729719386574e-05
7.551102204408817897e+02 5.953455592478315290e-05
7.553106212424850128e+02 5.962620506404325528e-05
7.555110220440881221e+02 5.943969700200148930e-05
7.557114228456913452e+02 5.933837908434242835e-05
7.559118236472945682e+02 5.940216545107726841e-05
7.561122244488977913e+02 5.952279891188801700e-05
7.563126252505010143e+02 5.952470867622432655e-05
7.565130260521042374e+02 5.940464496904757991e-05
7.567134268537074604e+02 5.927286711195761931e-05
7.569138276553105698e+02 5.921852409008389323e-05
7.571142284569137928e+02 5.900403168401938066e-05
7.573146292585170158e+02 5.875463955320606922e-05
7.575150300601202389e+02 5.861589353856066793e-05
7.577154308617234619e+02 5.850222833039539966e-05
7.579158316633266850e+02 5.813660178878012427e-05
7.581162324649299080e+02 5.790662910117865968e-05
7.583166332665330174e+02 5.775288567932876485e-05
7.585170340681362404e+02 5.773727231037876096e-05
7.587174348697394635e+02 5.766178075327593695e-05
7.589178356713426865e+02 5.750949766522128314e-05
7.591182364729459096e+02 5.744736013435549753e-05
7.593186372745491326e+02 5.745479534344140473e-05
7.595190380761523556e+02 5.752866100681189684e-05
7.597194388777554650e+02 5.772909703362952657e-05
7.599198396793586880e+02 5.806172926692915805e-05
7.601202404809619111e+02 5.844636635478104794e-05
7.603206412825651341e+02 5.891355789969602159e-05
7.605210420841683572e+02 5.929595032469324066e-05
7.607214428857715802e+02 5.949323774795434069e-05
7.609218436873748033e+02 5.970060593214798398e-05
7.611222444889779126e+02 5.996593265593016668e-05
7.613226452905811357e+02 6.031171501772388823e-05
7.615230460921843587e+02 6.063690515337256319e-05
7.617234468937875818e+02 6.108917128541233759e-05
7.619238476953908048e+02 6.154550011665064211e-05
7.621242484969940278e+02 6.190617019669784015e-05
7.623246492985972509e+02 6.239431595423427829e-05
7.625250501002003602e+02 6.265724093454932292e-05
7.627254509018035833e+02 6.281795088753347239e-05
7.629258517034068063e+02 6.283521212830556646e-05
7.631262525050100294e+02 6.285964539257164968e-05
7.633266533066132524e+02 6.271072157520209698e-05
7.635270541082164755e+02 6.266500691836911371e-05
7.637274549098196985e+02 6.292109995793494423e-05
7.639278557114228079e+02 6.302491855663458888e-05
7.641282565130260309e+02 6.303644169962165935e-05
7.643286573146292540e+02 6.289393722298190336e-05
7.645290581162324770e+02 6.275791750995272065e-05
7.647294589178357000e+02 6.263524278384162750e-05
7.649298597194389231e+02 6.254619269907230950e-05
7.651302605210421461e+02 6.239288469893075411e-05
7.653306613226452555e+02 6.221487368368804310e-05
7.655310621242484785e+02 6.185819773334062268e-05
7.657314629258517016e+02 6.160891454879559141e-05
7.659318637274549246e+02 6.132706320176839444e-05
7.661322645290581477e+02 6.107978043887611120e-05
7.663326653306613707e+02 6.089842508153407822e-05
7.665330661322645938e+02 6.076834672746740754e-05
7.667334669338677031e+02 6.069053750129230494e-05
7.669338677354709262e+02 6.049624294763853355e-05
7.671342685370741492e+02 6.033497666029297222e-05
7.673346693386773723e+02 6.030127115450820705e-05
7.675350701402805953e+02 6.026583122859466296e-05
7.677354709418838183e+02 6.016877244848450011e-05
7.679358717434869277e+02 6.017998553108728160e-05
7.681362725450901507e+02 6.027192522606798748e-05
7.683366733466933738e+02 6.032183233733756948e-05
7.685370741482965968e+02 6.034447186607818357e-05
7.687374749498998199e+02 6.049651257533365014e-05
7.689378757515030429e+02 6.076862800998922504e-05
7.691382765531061523e+02 6.101239130368067226e-05
7.693386773547093753e+02 6.160056919725213648e-05
7.695390781563125984e+02 6.219436644803862872e-05
7.697394789579158214e+02 6.272301282284244031e-05
7.699398797595190445e+02 6.325745010191866199e-05
7.701402805611222675e+02 6.354767987081138875e-05
7.703406813627254905e+02 6.390461490235307864e-05
7.705410821643285999e+02 6.403663753489752231e-05
7.707414829659318229e+02 6.437404984252496811e-05
7.709418837675350460e+02 6.459961542618468671e-05
7.711422845691382690e+02 6.503479575629394897e-05
7.713426853707414921e+02 6.540479418947689071e-05
7.715430861723447151e+02 6.567993349124132975e-05
7.717434869739479382e+02 6.585159767954295955e-05
7.719438877755510475e+02 6.603128658786189980e-05
7.721442885771542706e+02 6.620326315902448188e-05
7.723446893787574936e+02 6.607160107851261773e-05
7.725450901803607167e+02 6.597365684963170656e-05
7.727454909819639397e+02 6.590513841767596211e-05
7.729458917835671627e+02 6.567053806637036242e-05
7.731462925851703858e+02 6.544271946699622121e-05
7.733466933867734951e+02 6.510829472632251736e-05
7.735470941883767182e+02 6.481926725882526338e-05
7.737474949899799412e+02 6.450033468360397376e-05
7.739478957915831643e+02 6.394992584456138385e-05
7.741482965931863873e+02 6.345913621206475646e-05
7.743486973947896104e+02 6.336833969422863159e-05
7.745490981963928334e+02 6.311869910413897382e-05
7.747494989979959428e+02 6.263980108757204515e-05
7.749498997995991658e+02 6.218370678609960137e-05
7.751503006012023889e+02 6.182997718897656708e-05
7.753507014028056119e+02 6.156277585075776223e-05
7.755511022044088350e+02 6.149105499589275256e-05
7.757515030060120580e+02 6.138088752862597608e-05
7.759519038076152810e+02 6.130161098522050780e-05
7.761523046092183904e+02 6.122295275086239361e-05
7.763527054108216134e+02 6.108300718657820746e-05
7.765531062124248365e+02 6.105325252284102993e-05
7.767535070140280595e+02 6.100175693756586384e-05
7.769539078156312826e+02 6.121974022490931993e-05
7.771543086172345056e+02 6.183563719755961585e-05
7.773547094188377287e+02 6.218801189886761463e-05
7.775551102204408380e+02 6.255856008849764143e-05
7.777555110220440611e+02 6.299995098646791602e-05
7.779559118236472841e+02 6.349026099060647670e-05
7.781563126252505072e+02 6.403589649905297822e-05
7.783567134268537302e+02 6.453116873060043754e-05
7.785571142284569532e+02 6.520865351363813245e-05
7.787575150300601763e+02 6.596927160476446790e-05
7.789579158316632856e+02 6.654842466969418597e-05
7.791583166332665087e+02 6.673686735063411089e-05
7.793587174348697317e+02 6.673613812861833134e-05
7.795591182364729548e+02 6.691517675595438821e-05
7.797595190380761778e+02 6.718130707236253882e-05
7.799599198396794009e+02 6.725036129215471701e-05
7.801603206412826239e+02 6.717317989234566434e-05
7.803607214428857333e+02 6.703862886038641701e-05
7.805611222444889563e+02 6.705724657368612978e-05
7.807615230460921794e+02 6.700773046240924592e-05
7.809619238476954024e+02 6.689100940824464412e-05
7.811623246492986254e+02 6.680998547728373782e-05
7.813627254509018485e+02 6.662132760698269104e-05
7.815631262525050715e+02 6.636724100761173209e-05
7.817635270541081809e+02 6.595051250492309344e-05
7.819639278557114039e+02 6.560923056740996042e-05
7.821643286573146270e+02 6.541032657736643968e-05
7.823647294589178500e+02 6.494987722943123035e-05
7.825651302605210731e+02 6.445287382731023263e-05
7.827655310621242961e+02 6.390201121448288685e-05
7.829659318637275192e+02 6.356970431006262400e-05
7.831663326653306285e+02 6.308846563879571298e-05
7.833667334669338516e+02 6.273080328344498723e-05
7.835671342685370746e+02 6.263577704389900510e-05
7.837675350701402976e+02 6.261347494864828646e-05
7.839679358717435207e+02 6.285068406571186811e-05
7.841683366733467437e+02 6.297108594706886972e-05
7.843687374749498531e+02 6.317060376740016401e-05
7.845691382765530761e+02 6.331444145464516175e-05
7.847695390781562992e+02 6.351949851881188330e-05
7.849699398797595222e+02 6.392393973994721314e-05
7.851703406813627453e+02 6.443523078432860729e-05
7.853707414829659683e+02 6.494826086406764053e-05
7.855711422845690777e+02 6.568312689649617394e-05
7.857715430861723007e+02 6.646319837268625558e-05
7.859719438877755238e+02 6.711416693115036173e-05
7.861723446893787468e+02 6.778677795347186970e-05
7.863727454909819699e+02 6.832949126114531849e-05
7.865731462925851929e+02 6.891466061306044126e-05
7.867735470941884159e+02 6.937354227241783456e-05
7.869739478957915253e+02 6.994539645755902448e-05
7.871743486973947483e+02 7.044891183545924401e-05
7.873747494989979714e+02 7.081025463500585150e-05
7.875751503006011944e+02 7.109690555411976609e-05
7.877755511022044175e+02 7.130512916153543962e-05
7.879759519038076405e+02 7.146818311393943115e-05
7.881763527054108636e+02 7.146238202650744833e-05
7.883767535070139729e+02 7.148284508626431800e-05
7.885771543086171960e+02 7.135632374806801252e-05
7.887775551102204190e+02 7.095834141364813330e-05
7.889779559118236421e+02 7.033420419826010191e-05
7.891783567134268651e+02 6.989833907380080290e-05
7.893787575150300881e+02 6.937818926366372718e-05
7.895791583166333112e+02 6.883327182653665858e-05
7.897795591182364205e+02 6.823194515114593757e-05
7.899799599198396436e+02 6.736302116057300761e-05
7.901803607214428666e+02 6.658321041309494322e-05
7.903807615230460897e+02 6.589601336238005752e-05
7.905811623246493127e+02 6.507889984551488993e-05
7.907815631262525358e+02 6.418242306561052857e-05
7.909819639278557588e+02 6.346403620120535081e-05
7.911823647294588682e+02 6.271123114549180175e-05
7.913827655310620912e+02 6.206192015062698562e-05
7.915831663326653143e+02 6.133046379842262477e-05
7.917835671342685373e+02 6.088618146197388492e-05
7.919839679358717603e+02 6.055968772903753077e-05
7.921843687374749834e+02 6.020464880185410128e-05
7.923847695390782064e+02 6.007248901965943935e-05
7.925851703406813158e+02 6.009520825396220440e-05
7.927855711422845388e+02 5.996568564847196467e-05
7.929859719438877619e+02 5.999836170402007184e-05
7.931863727454909849e+02 6.024516243528996715e-05
7.933867735470942080e+02 6.070147789611796298e-05
7.935871743486974310e+02 6.137789138752491479e-05
7.937875751503006541e+02 6.218995790948474904e-05
7.939879759519037634e+02 6.301097296805196004e-05
7.941883767535069865e+02 6.387289652605928378e-05
7.943887775551102095e+02 6.489690967275675516e-05
7.945891783567134325e+02 6.578072659441825548e-05
7.947895791583166556e+02 6.672314391080256385e-05
7.949899799599198786e+02 6.778103604898966044e-05
7.951903807615231017e+02 6.878466062710984427e-05
7.953907815631262110e+02 6.973419424712806009e-05
7.955911823647294341e+02 7.063551107939388383e-05
7.957915831663326571e+02 7.148581392590621730e-05
7.959919839679358802e+02 7.214495838564809682e-05
7.961923847695391032e+02 7.272009885447904085e-05
7.963927855711423263e+02 7.332742912446622440e-05
7.965931863727455493e+02 7.372116143889010959e-05
7.967935871743486587e+02 7.388543051676481745e-05
7.969939879759518817e+02 7.383583778254003817e-05
7.971943887775551048e+02 7.349616893636213481e-05
7.973947895791583278e+02 7.305173259213459545e-05
7.975951903807615508e+02 7.246029186068818578e-05
7.977955911823647739e+02 7.182266916213612062e-05
7.979959919839679969e+02 7.088724586472679905e-05
7.981963927855711063e+02 6.975850101201151916e-05
7.983967935871743293e+02 6.832515114919573312e-05
7.985971943887775524e+02 6.686944927397758527e-05
7.987975951903807754e+02 6.543065261612357898e-05
7.989979959919839985e+02 6.399294795095714452e-05
7.991983967935872215e+02 6.234628981525616026e-05
7.993987975951904446e+02 6.066733776657431309e-05
7.995991983967935539e+02 5.896257096171429805e-05
7.997995991983967770e+02 5.730162616285398814e-05
8.000000000000000000e+02 5.588462149815732289e-05
