7.000000000000000000e+02 5.551147982198293844e-05
7.005025125628141041e+02 5.447163106903691910e-05
7.010050251256280944e+02 5.342498619320530754e-05
7.015075376884421985e+02 5.254125963927410093e-05
7.020100502512563025e+02 5.162969256970631297e-05
7.025125628140704066e+02 5.064551730801455411e-05
7.030150753768843970e+02 4.964732074332247328e-05
7.035175879396985010e+02 4.867490584218353875e-05
7.040201005025126051e+02 4.751305309535330655e-05
7.045226130653265955e+02 4.630088902894777015e-05
7.050251256281406995e+02 4.515504235691816126e-05
7.055276381909548036e+02 4.405621620713937010e-05
7.060301507537687939e+02 4.286308149933410237e-05
7.065326633165828980e+02 4.157128430394006925e-05
7.070351758793970021e+02 4.033588660919349827e-05
7.075376884422111061e+02 3.915332831413557188e-05
7.080402010050250965e+02 3.794878396340783228e-05
7.085427135678392006e+02 3.687101196979444530e-05
7.090452261306533046e+02 3.577873767090759561e-05
7.095477386934672950e+02 3.470675205154615596e-05
7.100502512562813990e+02 3.364719875417780730e-05
7.105527638190955031e+02 3.275586434714832608e-05
7.110552763819094935e+02 3.209000090942131422e-05
7.115577889447235975e+02 3.134916768584933099e-05
7.120603015075377016e+02 3.075522343410377169e-05
7.125628140703518056e+02 3.017543800433346434e-05
7.130653266331657960e+02 2.959304959669924789e-05
7.135678391959799001e+02 2.906690344200616206e-05
7.140703517587940041e+02 2.858896977392025359e-05
7.145728643216079945e+02 2.821725400320650677e-05
7.150753768844220986e+02 2.796051640694308289e-05
7.155778894472362026e+02 2.787454491256405700e-05
7.160804020100501930e+02 2.782444966316036472e-05
7.165829145728642970e+02 2.784344885562580146e-05
7.170854271356784011e+02 2.794559965473169031e-05
7.175879396984925052e+02 2.805794186697021562e-05
7.180904522613064955e+02 2.822092461965716281e-05
7.185929648241205996e+02 2.841903603193595624e-05
7.190954773869347036e+02 2.861489735235124674e-05
7.195979899497486940e+02 2.869205631005354966e-05
7.201005025125627981e+02 2.881125536809375602e-05
7.206030150753769021e+02 2.907229061288691012e-05
7.211055276381910062e+02 2.922560014713480357e-05
7.216080402010049966e+02 2.927695216943595414e-05
7.221105527638191006e+02 2.937077074367756827e-05
7.226130653266332047e+02 2.913382591808286423e-05
7.231155778894471950e+02 2.884706022323361649e-05
7.236180904522612991e+02 2.873627238665902217e-05
7.241206030150754032e+02 2.873610868244651340e-05
7.246231155778893935e+02 2.867669182655578492e-05
7.251256281407034976e+02 2.860713831652181608e-05
7.256281407035176017e+02 2.885518383985728185e-05
7.261306532663317057e+02 2.929183724045017435e-05
7.266331658291456961e+02 2.997421539301463368e-05
7.271356783919598001e+02 3.127419921176442704e-05
7.276381909547739042e+02 3.285067734676267543e-05
7.281407035175878946e+02 3.465077825078772964e-05
7.286432160804019986e+02 3.664796884953774354e-05
7.291457286432161027e+02 3.864822919081157252e-05
7.296482412060302067e+02 4.087748332042437453e-05
7.301507537688441971e+02 4.278919288311157533e-05
7.306532663316583012e+02 4.459633727197626860e-05
7.311557788944724052e+02 4.648034596505682330e-05
7.316582914572863956e+02 4.833783296690527097e-05
7.321608040201004997e+02 4.990003837475345491e-05
7.326633165829146037e+02 5.132162445895452189e-05
7.331658291457285941e+02 5.196073320194092405e-05
7.336683417085426981e+02 5.241472576674921280e-05
7.341708542713568022e+02 5.267599479124761356e-05
7.346733668341707926e+02 5.273698776057782358e-05
7.351758793969848966e+02 5.287609880946700353e-05
7.356783919597990007e+02 5.276175557724716372e-05
7.361809045226131047e+02 5.221526802767295986e-05
7.366834170854270951e+02 5.128181164924400926e-05
7.371859296482411992e+02 5.003027033774882338e-05
7.376884422110553032e+02 4.868901163547628154e-05
7.381909547738692936e+02 4.755130204322024785e-05
7.386934673366833977e+02 4.613964046521625521e-05
7.391959798994975017e+02 4.530953199701249920e-05
7.396984924623116058e+02 4.526954281775234546e-05
7.402010050251255961e+02 4.548802490696790204e-05
7.407035175879397002e+02 4.634685515244994390e-05
7.412060301507538043e+02 4.795500044174183502e-05
7.417085427135677946e+02 4.977313942907774592e-05
7.422110552763818987e+02 5.156378509535536575e-05
7.427135678391960028e+02 5.382603583913542726e-05
7.432160804020099931e+02 5.595701811791744439e-05
7.437185929648240972e+02 5.769840849342237882e-05
7.442211055276382012e+02 5.877987784869681797e-05
7.447236180904523053e+02 5.937464309541297939e-05
7.452261306532662957e+02 5.966959343864323821e-05
7.457286432160803997e+02 5.966232050160993086e-05
7.462311557788945038e+02 5.960965562778341190e-05
7.467336683417084942e+02 5.951063574447158387e-05
7.472361809045225982e+02 5.874568902460157617e-05
7.477386934673367023e+02 5.716191530116855466e-05
7.482412060301508063e+02 5.595355577026884082e-05
7.487437185929647967e+02 5.520760511565096833e-05
7.492462311557789008e+02 5.471077264568933437e-05
7.497487437185930048e+02 5.481680077240117248e-05
7.502512562814069952e+02 5.532631980972632077e-05
7.507537688442210992e+02 5.609613308186134004e-05
7.512562814070352033e+02 5.727426302175688856e-05
7.517587939698491937e+02 5.801720425974505382e-05
7.522613065326632977e+02 5.902623660505228951e-05
7.527638190954774018e+02 5.975447690746420751e-05
7.532663316582913922e+02 6.033775939774999367e-05
7.537688442211054962e+02 6.061570127754653954e-05
7.542713567839196003e+02 6.101731730892056210e-05
7.547738693467337043e+02 6.104316388961871865e-05
7.552763819095476947e+02 6.053022648961656980e-05
7.557788944723617988e+02 5.962042399566718414e-05
7.562814070351759028e+02 5.902923233724498357e-05
7.567839195979898932e+02 5.840550362387971509e-05
7.572864321608039972e+02 5.746350047744347298e-05
7.577889447236181013e+02 5.662043655169964599e-05
7.582914572864322054e+02 5.614882912748423143e-05
7.587939698492461957e+02 5.615725550442563207e-05
7.592964824120602998e+02 5.644144695608860579e-05
7.597989949748744039e+02 5.756370949298550513e-05
7.603015075376883942e+02 5.881732186604420287e-05
7.608040201005024983e+02 6.017490391156260092e-05
7.613065326633166023e+02 6.138319826818674498e-05
7.618090452261305927e+02 6.276227586011905613e-05
7.623115577889446968e+02 6.385401307356213256e-05
7.628140703517588008e+02 6.445934246639421945e-05
7.633165829145729049e+02 6.464824403848886119e-05
7.638190954773868953e+02 6.445425164110522766e-05
7.643216080402009993e+02 6.411430691382042463e-05
7.648241206030151034e+02 6.361076288341470668e-05
7.653266331658290937e+02 6.295161757213417963e-05
7.658291457286431978e+02 6.218951591972932548e-05
7.663316582914573019e+02 6.149039736662999342e-05
7.668341708542714059e+02 6.089585559862665539e-05
7.673366834170853963e+02 6.069616449595912049e-05
7.678391959798995003e+02 6.066715542850129408e-05
7.683417085427136044e+02 6.024743232573586711e-05
7.688442211055275948e+02 6.019994156792798635e-05
7.693467336683416988e+02 6.092974747521520646e-05
7.698492462311558029e+02 6.185994238428611759e-05
7.703517587939697933e+02 6.260153335820596826e-05
7.708542713567838973e+02 6.361583879309480290e-05
7.713567839195980014e+02 6.465066576352257151e-05
7.718592964824119917e+02 6.561126291469116336e-05
7.723618090452260958e+02 6.587982912126254286e-05
7.728643216080401999e+02 6.594734489774504527e-05
7.733668341708543039e+02 6.554964715047938270e-05
7.738693467336682943e+02 6.483852224952123516e-05
7.743718592964823983e+02 6.385682403689981184e-05
7.748743718592965024e+02 6.257167404793691299e-05
7.753768844221106065e+02 6.123350977012011990e-05
7.758793969849245968e+02 6.014295878011893863e-05
7.763819095477387009e+02 5.960944969240132926e-05
7.768844221105528050e+02 5.991903567891760448e-05
7.773869346733667953e+02 6.039991501164084685e-05
7.778894472361808994e+02 6.147027042535884269e-05
7.783919597989950034e+02 6.283843451614701855e-05
7.788944723618089938e+02 6.421555777538910279e-05
7.793969849246230979e+02 6.552525740325297555e-05
7.798994974874372019e+02 6.682626285907588236e-05
7.804020100502511923e+02 6.789960204891902756e-05
7.809045226130652964e+02 6.834244537156509817e-05
7.814070351758794004e+02 6.793073347179536643e-05
7.819095477386935045e+02 6.707480389688985384e-05
7.824120603015074948e+02 6.627509221231597401e-05
7.829145728643215989e+02 6.584477004867432288e-05
7.834170854271357030e+02 6.555632375094177979e-05
7.839195979899496933e+02 6.566039947218545159e-05
7.844221105527637974e+02 6.619043070180676773e-05
7.849246231155779014e+02 6.704360799330372157e-05
7.854271356783920055e+02 6.807200726295345764e-05
7.859296482412059959e+02 6.921853972767382272e-05
7.864321608040200999e+02 7.042834115109281902e-05
7.869346733668342040e+02 7.148433430491741636e-05
7.874371859296481944e+02 7.237425219854451398e-05
7.879396984924622984e+02 7.260702006110118171e-05
7.884422110552764025e+02 7.207741428351503992e-05
7.889447236180903928e+02 7.125061141750879613e-05
7.894472361809044969e+02 7.034444697031002355e-05
7.899497487437186010e+02 6.847312314352233626e-05
7.904522613065325913e+02 6.619505249104197530e-05
7.909547738693466954e+02 6.361012810291382475e-05
7.914572864321607994e+02 6.122271755718690465e-05
7.919597989949749035e+02 5.960833016287378879e-05
7.924623115577888939e+02 5.889578878308092294e-05
7.929648241206029979e+02 5.931719885718066934e-05
7.934673366834171020e+02 6.059904302989677798e-05
7.939698492462312061e+02 6.289724549638993128e-05
7.944723618090451964e+02 6.530430304827417531e-05
7.949748743718593005e+02 6.767646929056553523e-05
7.954773869346734045e+02 6.996667920659222829e-05
7.959798994974873949e+02 7.181458786702278889e-05
7.964824120603014990e+02 7.289130030549972330e-05
7.969849246231156030e+02 7.317438026206134216e-05
7.974874371859295934e+02 7.268417811084907840e-05
7.979899497487436975e+02 7.108160893775358009e-05
7.984924623115578015e+02 6.857280311853038558e-05
7.989949748743717919e+02 6.518395990443338092e-05
7.994974874371858959e+02 6.122327568459757998e-05
8.000000000000000000e+02 5.725253610171094341e-05
