7.000000000000000000e+02 5.443474338997079091e-05
7.005025125628141041e+02 5.306823691652456671e-05
7.010050251256280944e+02 5.174033458753153197e-05
7.015075376884421985e+02 5.044122827548006878e-05
7.020100502512563025e+02 4.916561255609947986e-05
7.025125628140704066e+02 4.792267166184720645e-05
7.030150753768843970e+02 4.669598676354892920e-05
7.035175879396985010e+02 4.548871902495028619e-05
7.040201005025126051e+02 4.428175162502620749e-05
7.045226130653265955e+02 4.310794498573296073e-05
7.050251256281406995e+02 4.195845389017379177e-05
7.055276381909548036e+02 4.084236968945894968e-05
7.060301507537687939e+02 3.978888596689440457e-05
7.065326633165828980e+02 3.873277087958007389e-05
7.070351758793970021e+02 3.770645871776212024e-05
7.075376884422111061e+02 3.671483907795880123e-05
7.080402010050250965e+02 3.579229042158939115e-05
7.085427135678392006e+02 3.490304055202024573e-05
7.090452261306533046e+02 3.404678035705452740e-05
7.095477386934672950e+02 3.323618794558174408e-05
7.100502512562813990e+02 3.245785839152473529e-05
7.105527638190955031e+02 3.173890523414512347e-05
7.110552763819094935e+02 3.105870779342814915e-05
7.115577889447235975e+02 3.040466434807979250e-05
7.120603015075377016e+02 2.980237918673235399e-05
7.125628140703518056e+02 2.920199363539533821e-05
7.130653266331657960e+02 2.867204200120245219e-05
7.135678391959799001e+02 2.817546536721837028e-05
7.140703517587940041e+02 2.769199383535969077e-05
7.145728643216079945e+02 2.726124172331792177e-05
7.150753768844220986e+02 2.682994095580042918e-05
7.155778894472362026e+02 2.645232661840542446e-05
7.160804020100501930e+02 2.607733430691375025e-05
7.165829145728642970e+02 2.573721712806433228e-05
7.170854271356784011e+02 2.543054753980285049e-05
7.175879396984925052e+02 2.516715161597230798e-05
7.180904522613064955e+02 2.490814206494911537e-05
7.185929648241205996e+02 2.469110277339329562e-05
7.190954773869347036e+02 2.447381348848998400e-05
7.195979899497486940e+02 2.429573522105200182e-05
7.201005025125627981e+02 2.412587186806474098e-05
7.206030150753769021e+02 2.400190908892159265e-05
7.211055276381910062e+02 2.390275467885335118e-05
7.216080402010049966e+02 2.382831314740873631e-05
7.221105527638191006e+02 2.376593076402559645e-05
7.226130653266332047e+02 2.372944121194092725e-05
7.231155778894471950e+02 2.368352568915585812e-05
7.236180904522612991e+02 2.365768041764564503e-05
7.241206030150754032e+02 2.366660870701892615e-05
7.246231155778893935e+02 2.369354265920068845e-05
7.251256281407034976e+02 2.371676268509485979e-05
7.256281407035176017e+02 2.374165242141886980e-05
7.261306532663317057e+02 2.378441321127947115e-05
7.266331658291456961e+02 2.384052201852739224e-05
7.271356783919598001e+02 2.390862314956483217e-05
7.276381909547739042e+02 2.398142560802537477e-05
7.281407035175878946e+02 2.405977009543993627e-05
7.286432160804019986e+02 2.413298541027189019e-05
7.291457286432161027e+02 2.420659125983707543e-05
7.296482412060302067e+02 2.429493144602777848e-05
7.301507537688441971e+02 2.438990993187868886e-05
7.306532663316583012e+02 2.447859069399250720e-05
7.311557788944724052e+02 2.456173454769580526e-05
7.316582914572863956e+02 2.464867947578641523e-05
7.321608040201004997e+02 2.472977211933836863e-05
7.326633165829146037e+02 2.479703245621396214e-05
7.331658291457285941e+02 2.486898052326561175e-05
7.336683417085426981e+02 2.494927401698192708e-05
7.341708542713568022e+02 2.503978999685882543e-05
7.346733668341707926e+02 2.512908148165037873e-05
7.351758793969848966e+02 2.523698857692784159e-05
7.356783919597990007e+02 2.532536674377022906e-05
7.361809045226131047e+02 2.539883165860241078e-05
7.366834170854270951e+02 2.551523525190778994e-05
7.371859296482411992e+02 2.560086027440857954e-05
7.376884422110553032e+02 2.571687765607670270e-05
7.381909547738692936e+02 2.587957814531231901e-05
7.386934673366833977e+02 2.603351457972447608e-05
7.391959798994975017e+02 2.607230412487377669e-05
7.396984924623116058e+02 2.602159438261366793e-05
7.402010050251255961e+02 2.606127080935952242e-05
7.407035175879397002e+02 2.614837978731953118e-05
7.412060301507538043e+02 2.616636262757348022e-05
7.417085427135677946e+02 2.615936306498011332e-05
7.422110552763818987e+02 2.618287225756160753e-05
7.427135678391960028e+02 2.621836358448852416e-05
7.432160804020099931e+02 2.622297930906836543e-05
7.437185929648240972e+02 2.627454218097436474e-05
7.442211055276382012e+02 2.616145405598032379e-05
7.447236180904523053e+02 2.607277484440058334e-05
7.452261306532662957e+02 2.600696026809512398e-05
7.457286432160803997e+02 2.593489386535360126e-05
7.462311557788945038e+02 2.584388496739467353e-05
7.467336683417084942e+02 2.577113254211624695e-05
7.472361809045225982e+02 2.569846435123799980e-05
7.477386934673367023e+02 2.561369779775436969e-05
7.482412060301508063e+02 2.558798029448474461e-05
7.487437185929647967e+02 2.562530313619381601e-05
7.492462311557789008e+02 2.564737172056122982e-05
7.497487437185930048e+02 2.562479187642894557e-05
7.502512562814069952e+02 2.562604974667106162e-05
7.507537688442210992e+02 2.554964211023429588e-05
7.512562814070352033e+02 2.549412320708120208e-05
7.517587939698491937e+02 2.544269445178306061e-05
7.522613065326632977e+02 2.535583251728746232e-05
7.527638190954774018e+02 2.521804579506460405e-05
7.532663316582913922e+02 2.508410946132547708e-05
7.537688442211054962e+02 2.491868102723692090e-05
7.542713567839196003e+02 2.476037515649269388e-05
7.547738693467337043e+02 2.465502192184409084e-05
7.552763819095476947e+02 2.456570041749857317e-05
7.557788944723617988e+02 2.446082381720303631e-05
7.562814070351759028e+02 2.439004022812076326e-05
7.567839195979898932e+02 2.441580189393335160e-05
7.572864321608039972e+02 2.452718864802451979e-05
7.577889447236181013e+02 2.469965350065131700e-05
7.582914572864322054e+02 2.499021397750796674e-05
7.587939698492461957e+02 2.535368361723204912e-05
7.592964824120602998e+02 2.564741415974262394e-05
7.597989949748744039e+02 2.593478614648593158e-05
7.603015075376883942e+02 2.655674605105484842e-05
7.608040201005024983e+02 2.721348216971253810e-05
7.613065326633166023e+02 2.793747152900627411e-05
7.618090452261305927e+02 2.876906667183226185e-05
7.623115577889446968e+02 2.955943761567642275e-05
7.628140703517588008e+02 3.034824032152993374e-05
7.633165829145729049e+02 3.074100932946565590e-05
7.638190954773868953e+02 3.119583529819566493e-05
7.643216080402009993e+02 3.171641158446500901e-05
7.648241206030151034e+02 3.242613317876173095e-05
7.653266331658290937e+02 3.285683468015920307e-05
7.658291457286431978e+02 3.279964040199017441e-05
7.663316582914573019e+02 3.258253457347931489e-05
7.668341708542714059e+02 3.195713147886859696e-05
7.673366834170853963e+02 3.130733672485290617e-05
7.678391959798995003e+02 3.070321900438473690e-05
7.683417085427136044e+02 2.969869274534455033e-05
7.688442211055275948e+02 2.889556888665546200e-05
7.693467336683416988e+02 2.804230282087115863e-05
7.698492462311558029e+02 2.672565646940256272e-05
7.703517587939697933e+02 2.528635824078992258e-05
7.708542713567838973e+02 2.421136885885088216e-05
7.713567839195980014e+02 2.351573742807391108e-05
7.718592964824119917e+02 2.308304520683876991e-05
7.723618090452260958e+02 2.308358945532843271e-05
7.728643216080401999e+02 2.355046814446650397e-05
7.733668341708543039e+02 2.431741676450865401e-05
7.738693467336682943e+02 2.532447798987824870e-05
7.743718592964823983e+02 2.679159518983602372e-05
7.748743718592965024e+02 2.837723004221635455e-05
7.753768844221106065e+02 3.018497804890864426e-05
7.758793969849245968e+02 3.273307146119066349e-05
7.763819095477387009e+02 3.556106969713602968e-05
7.768844221105528050e+02 3.845110759688693435e-05
7.773869346733667953e+02 4.083615166234286095e-05
7.778894472361808994e+02 4.315938517707140868e-05
7.783919597989950034e+02 4.531433915809941195e-05
7.788944723618089938e+02 4.788547179318051170e-05
7.793969849246230979e+02 5.031333317948499589e-05
7.798994974874372019e+02 5.268276858009710278e-05
7.804020100502511923e+02 5.504047403172243911e-05
7.809045226130652964e+02 5.698548105695486790e-05
7.814070351758794004e+02 5.815197001411991675e-05
7.819095477386935045e+02 5.878745071656181530e-05
7.824120603015074948e+02 5.898541222730492914e-05
7.829145728643215989e+02 5.903844136211086000e-05
7.834170854271357030e+02 5.863796132987869229e-05
7.839195979899496933e+02 5.767535781394533562e-05
7.844221105527637974e+02 5.616675509599003847e-05
7.849246231155779014e+02 5.399837607181749320e-05
7.854271356783920055e+02 5.155478715503891257e-05
7.859296482412059959e+02 4.867159882372263903e-05
7.864321608040200999e+02 4.584961881804851469e-05
7.869346733668342040e+02 4.315119790856711897e-05
7.874371859296481944e+02 4.033431673319540694e-05
7.879396984924622984e+02 3.791096823122574669e-05
7.884422110552764025e+02 3.602952139057922002e-05
7.889447236180903928e+02 3.496563384054813726e-05
7.894472361809044969e+02 3.490660277178050155e-05
7.899497487437186010e+02 3.598241438337561061e-05
7.904522613065325913e+02 3.794546108035302614e-05
7.909547738693466954e+02 4.053627193342987503e-05
7.914572864321607994e+02 4.360648708299682939e-05
7.919597989949749035e+02 4.689272677742341739e-05
7.924623115577888939e+02 5.012896261003720456e-05
7.929648241206029979e+02 5.322989892600792544e-05
7.934673366834171020e+02 5.555371145618264464e-05
7.939698492462312061e+02 5.764878333392865452e-05
7.944723618090451964e+02 5.894945543363851621e-05
7.949748743718593005e+02 5.963656957948965527e-05
7.954773869346734045e+02 5.989967207906910450e-05
7.959798994974873949e+02 5.966175140178863303e-05
7.964824120603014990e+02 5.912206953619249901e-05
7.969849246231156030e+02 5.835455797204756417e-05
7.974874371859295934e+02 5.740702892069021848e-05
7.979899497487436975e+02 5.615939808503015210e-05
7.984924623115578015e+02 5.492255062498142869e-05
7.989949748743717919e+02 5.359923574132865895e-05
7.994974874371858959e+02 5.265097245157611167e-05
8.000000000000000000e+02 5.192752673763639738e-05
