7.000000000000000000e+02 5.339382613221857157e-05
7.010101010101010388e+02 5.075361918995894271e-05
7.020202020202019639e+02 4.832515972621811442e-05
7.030303030303030027e+02 4.595957865778511859e-05
7.040404040404040416e+02 4.365077163444890709e-05
7.050505050505050804e+02 4.140277051059974866e-05
7.060606060606060055e+02 3.931626722992618352e-05
7.070707070707070443e+02 3.736657113278494684e-05
7.080808080808080831e+02 3.558767230353828331e-05
7.090909090909091219e+02 3.392132250383952057e-05
7.101010101010100470e+02 3.234370181432279413e-05
7.111111111111110858e+02 3.087561561521710645e-05
7.121212121212121247e+02 2.950868827838296996e-05
7.131313131313131635e+02 2.833852802103322712e-05
7.141414141414140886e+02 2.738302048307694034e-05
7.151515151515151274e+02 2.657848774009923302e-05
7.161616161616161662e+02 2.591649681287944111e-05
7.171717171717172050e+02 2.538431569559385234e-05
7.181818181818181301e+02 2.497053091841782078e-05
7.191919191919191690e+02 2.459406531518182684e-05
7.202020202020202078e+02 2.432779054367614440e-05
7.212121212121212466e+02 2.408364663143598095e-05
7.222222222222221717e+02 2.389949859714718419e-05
7.232323232323232105e+02 2.361475509435026802e-05
7.242424242424242493e+02 2.351216992469939057e-05
7.252525252525252881e+02 2.349910833664411243e-05
7.262626262626262132e+02 2.358389708724266030e-05
7.272727272727272521e+02 2.374144666182153470e-05
7.282828282828282909e+02 2.389348731963131681e-05
7.292929292929293297e+02 2.406258395525853917e-05
7.303030303030302548e+02 2.422794595376669005e-05
7.313131313131312936e+02 2.442933867654259675e-05
7.323232323232323324e+02 2.470572354902862572e-05
7.333333333333333712e+02 2.495719066261197527e-05
7.343434343434342964e+02 2.519198704165188953e-05
7.353535353535353352e+02 2.538764340722509758e-05
7.363636363636363740e+02 2.556291496761228904e-05
7.373737373737374128e+02 2.568468124762061529e-05
7.383838383838383379e+02 2.579891355865786325e-05
7.393939393939393767e+02 2.593205687562521685e-05
7.404040404040404155e+02 2.602909100629794399e-05
7.414141414141414543e+02 2.611126040164467256e-05
7.424242424242423795e+02 2.598584633512974801e-05
7.434343434343434183e+02 2.588396410422538115e-05
7.444444444444444571e+02 2.583710709583324954e-05
7.454545454545454959e+02 2.580067390131403178e-05
7.464646464646464210e+02 2.577158306067536123e-05
7.474747474747474598e+02 2.574559728109634854e-05
7.484848484848484986e+02 2.567213735014974482e-05
7.494949494949495374e+02 2.554903239307387204e-05
7.505050505050504626e+02 2.542780236008905024e-05
7.515151515151515014e+02 2.533521026778259681e-05
7.525252525252525402e+02 2.523951763057274687e-05
7.535353535353535790e+02 2.515205446538668454e-05
7.545454545454545041e+02 2.503876917975000701e-05
7.555555555555555429e+02 2.487690922960276825e-05
7.565656565656565817e+02 2.454461263919381492e-05
7.575757575757576205e+02 2.425067977152243061e-05
7.585858585858585457e+02 2.395116375866277654e-05
7.595959595959595845e+02 2.388799452159066377e-05
7.606060606060606233e+02 2.408903949010216317e-05
7.616161616161616621e+02 2.468833801470250928e-05
7.626262626262625872e+02 2.591282893502342802e-05
7.636363636363636260e+02 2.705962291956250261e-05
7.646464646464646648e+02 2.858290051975755349e-05
7.656565656565657036e+02 2.982950746317806167e-05
7.666666666666666288e+02 3.067523739954696778e-05
7.676767676767676676e+02 3.136363346315221078e-05
7.686868686868687064e+02 3.212540349688021028e-05
7.696969696969697452e+02 3.129404769795087691e-05
7.707070707070706703e+02 2.978097521761138009e-05
7.717171717171717091e+02 2.797251465582171573e-05
7.727272727272727479e+02 2.572017297977495485e-05
7.737373737373737868e+02 2.361612808346088275e-05
7.747474747474747119e+02 2.359561555129663778e-05
7.757575757575757507e+02 2.614380783205023660e-05
7.767676767676767895e+02 3.075036236679558885e-05
7.777777777777778283e+02 3.693872570720581317e-05
7.787878787878787534e+02 4.362219975714362331e-05
7.797979797979797922e+02 5.084476345410459883e-05
7.808080808080808310e+02 5.700425766720851805e-05
7.818181818181818699e+02 6.136664187466769709e-05
7.828282828282827950e+02 6.305460989150718021e-05
7.838383838383838338e+02 6.240364443997170173e-05
7.848484848484848726e+02 5.849538808458428613e-05
7.858585858585859114e+02 5.332245306477442678e-05
7.868686868686868365e+02 4.749162845600547370e-05
7.878787878787878753e+02 4.134140380940561446e-05
7.888888888888889142e+02 3.660598113338274192e-05
7.898989898989899530e+02 3.514563716961482975e-05
7.909090909090908781e+02 3.777711189694533061e-05
7.919191919191919169e+02 4.325739833174676734e-05
7.929292929292929557e+02 4.953253396707769978e-05
7.939393939393939945e+02 5.476374241122225836e-05
7.949494949494949196e+02 5.847225547515008025e-05
7.959595959595959584e+02 5.945798908692731408e-05
7.969696969696969973e+02 5.887162171078498519e-05
7.979797979797979224e+02 5.675301862461665020e-05
7.989898989898989612e+02 5.406847229015115220e-05
8.000000000000000000e+02 5.190300333756770417e-05
