7.000000000000000000e+02 5.431592597163037694e-05
7.003344481605350893e+02 5.338474898903826680e-05
7.006688963210701786e+02 5.247337696468400668e-05
7.010033444816053816e+02 5.157602556329993963e-05
7.013377926421404709e+02 5.069658900172234494e-05
7.016722408026755602e+02 4.982850231214919619e-05
7.020066889632106495e+02 4.897974194190021736e-05
7.023411371237458525e+02 4.813588983451413668e-05
7.026755852842809418e+02 4.730606670637872648e-05
7.030100334448160311e+02 4.647993081848040582e-05
7.033444816053511204e+02 4.566791520046193910e-05
7.036789297658863234e+02 4.486985890591724176e-05
7.040133779264214127e+02 4.408494389013201613e-05
7.043478260869565020e+02 4.331009356603802534e-05
7.046822742474915913e+02 4.255105177276494855e-05
7.050167224080267943e+02 4.181443290460643892e-05
7.053511705685618836e+02 4.109547472369167072e-05
7.056856187290969729e+02 4.038999826572448032e-05
7.060200668896320622e+02 3.970059326872961680e-05
7.063545150501672651e+02 3.902754590342325945e-05
7.066889632107023544e+02 3.837624047765458754e-05
7.070234113712374437e+02 3.772663231975974853e-05
7.073578595317725330e+02 3.709484549543500448e-05
7.076923076923077360e+02 3.647091004953525664e-05
7.080267558528428253e+02 3.586460495353103643e-05
7.083612040133779146e+02 3.527925959718803729e-05
7.086956521739130039e+02 3.471483085297921728e-05
7.090301003344482069e+02 3.416448098991936192e-05
7.093645484949832962e+02 3.361641806791907408e-05
7.096989966555183855e+02 3.308538303057513167e-05
7.100334448160534748e+02 3.256413424207576368e-05
7.103678929765886778e+02 3.205283451232099904e-05
7.107023411371237671e+02 3.155888276894058657e-05
7.110367892976588564e+02 3.107999339716626942e-05
7.113712374581939457e+02 3.062472294266963338e-05
7.117056856187291487e+02 3.018597111017806743e-05
7.120401337792642380e+02 2.976046239998717921e-05
7.123745819397993273e+02 2.935428405315162648e-05
7.127090301003344166e+02 2.896069771718649341e-05
7.130434782608696196e+02 2.858085067391490604e-05
7.133779264214047089e+02 2.822484551834909754e-05
7.137123745819397982e+02 2.788005240229061025e-05
7.140468227424748875e+02 2.754049355531818075e-05
7.143812709030100905e+02 2.720979124688984680e-05
7.147157190635451798e+02 2.690879606636304732e-05
7.150501672240802691e+02 2.662853364161513951e-05
7.153846153846153584e+02 2.633919078755247035e-05
7.157190635451504477e+02 2.608180446436299680e-05
7.160535117056856507e+02 2.583594082730231815e-05
7.163879598662207400e+02 2.560201878995881940e-05
7.167224080267558293e+02 2.538036415979863712e-05
7.170568561872909186e+02 2.517356109396198384e-05
7.173913043478261216e+02 2.498054914273221394e-05
7.177257525083612109e+02 2.480499022618274017e-05
7.180602006688963002e+02 2.462936462714175408e-05
7.183946488294313895e+02 2.447080219426230207e-05
7.187290969899665924e+02 2.433311730091515523e-05
7.190635451505016817e+02 2.420053264649421815e-05
7.193979933110367710e+02 2.407047209370267361e-05
7.197324414715718603e+02 2.395700863994693034e-05
7.200668896321070633e+02 2.385589681837666607e-05
7.204013377926421526e+02 2.376701059276668926e-05
7.207357859531772419e+02 2.369797077470163637e-05
7.210702341137123312e+02 2.363621301232533703e-05
7.214046822742475342e+02 2.357248051967712936e-05
7.217391304347826235e+02 2.352347971158359210e-05
7.220735785953177128e+02 2.348698829878104430e-05
7.224080267558528021e+02 2.346110681410405469e-05
7.227424749163880051e+02 2.343296664961809982e-05
7.230769230769230944e+02 2.340139356376923270e-05
7.234113712374581837e+02 2.338057410326761074e-05
7.237458193979932730e+02 2.337448348464948560e-05
7.240802675585284760e+02 2.337796490030215506e-05
7.244147157190635653e+02 2.338630785367714401e-05
7.247491638795986546e+02 2.340088550216112853e-05
7.250836120401337439e+02 2.342560899794474851e-05
7.254180602006689469e+02 2.344798528485131066e-05
7.257525083612040362e+02 2.348038363527440197e-05
7.260869565217391255e+02 2.351408510226256693e-05
7.264214046822742148e+02 2.356206772991074956e-05
7.267558528428094178e+02 2.361565838192536022e-05
7.270903010033445071e+02 2.367345740220361218e-05
7.274247491638795964e+02 2.374423098232553294e-05
7.277591973244146857e+02 2.379530502862090721e-05
7.280936454849497750e+02 2.382812667790100406e-05
7.284280936454849780e+02 2.387835683913140845e-05
7.287625418060200673e+02 2.391613862168974553e-05
7.290969899665551566e+02 2.397219334415192065e-05
7.294314381270903596e+02 2.405446599019379301e-05
7.297658862876254489e+02 2.413243246047669911e-05
7.301003344481605382e+02 2.423153139362323907e-05
7.304347826086956275e+02 2.429403286388871896e-05
7.307692307692307168e+02 2.433763630998220758e-05
7.311036789297659197e+02 2.440282528344011565e-05
7.314381270903010090e+02 2.446923779928216687e-05
7.317725752508360983e+02 2.455546196011739777e-05
7.321070234113711876e+02 2.463324741492289592e-05
7.324414715719063906e+02 2.469453646748646277e-05
7.327759197324414799e+02 2.475014518571323934e-05
7.331103678929765692e+02 2.481184505415446020e-05
7.334448160535116585e+02 2.486452925238484554e-05
7.337792642140468615e+02 2.493277083185532045e-05
7.341137123745819508e+02 2.497852342525255342e-05
7.344481605351170401e+02 2.503277925576797268e-05
7.347826086956521294e+02 2.509240155229409768e-05
7.351170568561873324e+02 2.517000741835414025e-05
7.354515050167224217e+02 2.525894815315258047e-05
7.357859531772575110e+02 2.531139054463780652e-05
7.361204013377926003e+02 2.534944188559775467e-05
7.364548494983278033e+02 2.538179188933269541e-05
7.367892976588628926e+02 2.541323253410262875e-05
7.371237458193979819e+02 2.546937832920526413e-05
7.374581939799330712e+02 2.552283483516794893e-05
7.377926421404682742e+02 2.558060680502273896e-05
7.381270903010033635e+02 2.565416827123650912e-05
7.384615384615384528e+02 2.569375779826621142e-05
7.387959866220735421e+02 2.572861882088939615e-05
7.391304347826087451e+02 2.578269153361398386e-05
7.394648829431438344e+02 2.587720263816385748e-05
7.397993311036789237e+02 2.597252509675572737e-05
7.401337792642140130e+02 2.604536056554909303e-05
7.404682274247492160e+02 2.610056259407994559e-05
7.408026755852843053e+02 2.617343460962313299e-05
7.411371237458193946e+02 2.629323527480150317e-05
7.414715719063544839e+02 2.632372241905644561e-05
7.418060200668896869e+02 2.633246553256289891e-05
7.421404682274247762e+02 2.625514723491494595e-05
7.424749163879598655e+02 2.622687769590616736e-05
7.428093645484949548e+02 2.618789516818177652e-05
7.431438127090300441e+02 2.612700651117103999e-05
7.434782608695652470e+02 2.610624550576011406e-05
7.438127090301003363e+02 2.609073866103735784e-05
7.441471571906354256e+02 2.602196594810923653e-05
7.444816053511706286e+02 2.597955261690792223e-05
7.448160535117057179e+02 2.596099766352118849e-05
7.451505016722408072e+02 2.592869594064019906e-05
7.454849498327758965e+02 2.588880021391244679e-05
7.458193979933109858e+02 2.586929268405314364e-05
7.461538461538461888e+02 2.583277231270073317e-05
7.464882943143812781e+02 2.576219052775436549e-05
7.468227424749163674e+02 2.571537059791042262e-05
7.471571906354514567e+02 2.569916935904581926e-05
7.474916387959866597e+02 2.565384705189521178e-05
7.478260869565217490e+02 2.560453949506503354e-05
7.481605351170568383e+02 2.557072827288620133e-05
7.484949832775919276e+02 2.555083303458152919e-05
7.488294314381271306e+02 2.553092220573061481e-05
7.491638795986622199e+02 2.554880088828494095e-05
7.494983277591973092e+02 2.555919695205306912e-05
7.498327759197323985e+02 2.559490128842532400e-05
7.501672240802676015e+02 2.562929711884990387e-05
7.505016722408026908e+02 2.564932954100736804e-05
7.508361204013377801e+02 2.568556117428815908e-05
7.511705685618728694e+02 2.565319623586152767e-05
7.515050167224080724e+02 2.561195790646441815e-05
7.518394648829431617e+02 2.559096747405836293e-05
7.521739130434782510e+02 2.562718996667056153e-05
7.525083612040133403e+02 2.562868622671179625e-05
7.528428093645485433e+02 2.562119782020155884e-05
7.531772575250836326e+02 2.559010445400253630e-05
7.535117056856187219e+02 2.564641265557631323e-05
7.538461538461538112e+02 2.569466217437287495e-05
7.541806020066890142e+02 2.573129318955949511e-05
7.545150501672241035e+02 2.566800589170024300e-05
7.548494983277591928e+02 2.563851690295320423e-05
7.551839464882942821e+02 2.568806044376814658e-05
7.555183946488293714e+02 2.567842027992536745e-05
7.558528428093645744e+02 2.570230189935477781e-05
7.561872909698996637e+02 2.563731919212667749e-05
7.565217391304347530e+02 2.556714059607180707e-05
7.568561872909699559e+02 2.546447690699078521e-05
7.571906354515050452e+02 2.536364860871064271e-05
7.575250836120401345e+02 2.528365984346768499e-05
7.578595317725752238e+02 2.529559709609525834e-05
7.581939799331103131e+02 2.514168414258356298e-05
7.585284280936455161e+02 2.492812527516672459e-05
7.588628762541806054e+02 2.465629481133292425e-05
7.591973244147156947e+02 2.443371115325857000e-05
7.595317725752507840e+02 2.429774453310192344e-05
7.598662207357859870e+02 2.424717214310219196e-05
7.602006688963210763e+02 2.413542848281104925e-05
7.605351170568561656e+02 2.395267784262216444e-05
7.608695652173912549e+02 2.371289946213551295e-05
7.612040133779264579e+02 2.351832861981224059e-05
7.615384615384615472e+02 2.335770695796331081e-05
7.618729096989966365e+02 2.326496231932011262e-05
7.622073578595317258e+02 2.317599938995194974e-05
7.625418060200669288e+02 2.310758831710673920e-05
7.628762541806020181e+02 2.306455189165642372e-05
7.632107023411371074e+02 2.309585947086666374e-05
7.635451505016721967e+02 2.319490350151669724e-05
7.638795986622073997e+02 2.339327832023983171e-05
7.642140468227424890e+02 2.369587696811559108e-05
7.645484949832775783e+02 2.416704177268636132e-05
7.648829431438126676e+02 2.478079234333752044e-05
7.652173913043478706e+02 2.553825744600376669e-05
7.655518394648829599e+02 2.633639466619843090e-05
7.658862876254180492e+02 2.730291726924820162e-05
7.662207357859531385e+02 2.830742256200040034e-05
7.665551839464883415e+02 2.943586430857266141e-05
7.668896321070234308e+02 3.060854825635115511e-05
7.672240802675585201e+02 3.177210145760261392e-05
7.675585284280936094e+02 3.307578139518477402e-05
7.678929765886286987e+02 3.446713762083641240e-05
7.682274247491639017e+02 3.560238752360488275e-05
7.685618729096989910e+02 3.672135246593836289e-05
7.688963210702340803e+02 3.761192127856010915e-05
7.692307692307692832e+02 3.814374047481285140e-05
7.695652173913043725e+02 3.866068618398508600e-05
7.698996655518394618e+02 3.923411004322472658e-05
7.702341137123745511e+02 3.955955813377600447e-05
7.705685618729096404e+02 3.988118605357303343e-05
7.709030100334448434e+02 3.995770250800038422e-05
7.712374581939799327e+02 3.976266044902418157e-05
7.715719063545150220e+02 3.954052859288028645e-05
7.719063545150502250e+02 3.926201267060974422e-05
7.722408026755853143e+02 3.852389220199651788e-05
7.725752508361204036e+02 3.724504765818687228e-05
7.729096989966554929e+02 3.610668009273272969e-05
7.732441471571905822e+02 3.513307660877803428e-05
7.735785953177257852e+02 3.381340014208814097e-05
7.739130434782608745e+02 3.238154964268987634e-05
7.742474916387959638e+02 3.114348185319886490e-05
7.745819397993311668e+02 2.988205136535612423e-05
7.749163879598662561e+02 2.868449315707078488e-05
7.752508361204013454e+02 2.731583214580759878e-05
7.755852842809364347e+02 2.610067945756957815e-05
7.759197324414715240e+02 2.520943935926722506e-05
7.762541806020067270e+02 2.454187217526374403e-05
7.765886287625418163e+02 2.422786890391237657e-05
7.769230769230769056e+02 2.428464519855972977e-05
7.772575250836119949e+02 2.480061675415557601e-05
7.775919732441471979e+02 2.577120285356707832e-05
7.779264214046822872e+02 2.714584316771358861e-05
7.782608695652173765e+02 2.895572485698271151e-05
7.785953177257524658e+02 3.119469735360437974e-05
7.789297658862876688e+02 3.346917795898337938e-05
7.792642140468227581e+02 3.588746172850408790e-05
7.795986622073578474e+02 3.832124748003601779e-05
7.799331103678929367e+02 4.069879484796311238e-05
7.802675585284281397e+02 4.317592657323820598e-05
7.806020066889632290e+02 4.581420167729252716e-05
7.809364548494983183e+02 4.816959633173243353e-05
7.812709030100334076e+02 5.074002703087430273e-05
7.816053511705686105e+02 5.321799909587353322e-05
7.819397993311036998e+02 5.580063407249476019e-05
7.822742474916387891e+02 5.814324053529264762e-05
7.826086956521738784e+02 6.008073403774383752e-05
7.829431438127089677e+02 6.131964941696056964e-05
7.832775919732441707e+02 6.227043636460358840e-05
7.836120401337792600e+02 6.307849403220378557e-05
7.839464882943143493e+02 6.361749118297352367e-05
7.842809364548495523e+02 6.401203670931746687e-05
7.846153846153846416e+02 6.431485744674207521e-05
7.849498327759197309e+02 6.388706566478251044e-05
7.852842809364548202e+02 6.300090886537374868e-05
7.856187290969899095e+02 6.195458318329448563e-05
7.859531772575251125e+02 6.072421465181692042e-05
7.862876254180602018e+02 5.897884767433298571e-05
7.866220735785952911e+02 5.701457625454772120e-05
7.869565217391304941e+02 5.487600603020023892e-05
7.872909698996655834e+02 5.240036909777551606e-05
7.876254180602006727e+02 5.005117599320387569e-05
7.879598662207357620e+02 4.765948269087500757e-05
7.882943143812708513e+02 4.528280615413631601e-05
7.886287625418060543e+02 4.312714362833955714e-05
7.889632107023411436e+02 4.120987696652058605e-05
7.892976588628762329e+02 3.937508476059227756e-05
7.896321070234113222e+02 3.795979089058512624e-05
7.899665551839465252e+02 3.694244345857846550e-05
7.903010033444816145e+02 3.634971457858145384e-05
7.906354515050167038e+02 3.632990144537230414e-05
7.909698996655517931e+02 3.677659653434805674e-05
7.913043478260869961e+02 3.767368598252262017e-05
7.916387959866220854e+02 3.896273502287162557e-05
7.919732441471571747e+02 4.041048449044050444e-05
7.923076923076922640e+02 4.214485756351394973e-05
7.926421404682274670e+02 4.405510233305171827e-05
7.929765886287625563e+02 4.604152929755466031e-05
7.933110367892976456e+02 4.793025521605972871e-05
7.936454849498327349e+02 4.975178836682624654e-05
7.939799331103679378e+02 5.152233496934473456e-05
7.943143812709030271e+02 5.299301682328833295e-05
7.946488294314381164e+02 5.448378396789569413e-05
7.949832775919732057e+02 5.569691637384214080e-05
7.953177257525084087e+02 5.666718451250416405e-05
7.956521739130434980e+02 5.747796733154297719e-05
7.959866220735785873e+02 5.791076347597701879e-05
7.963210702341136766e+02 5.819584002009062419e-05
7.966555183946488796e+02 5.829008190076148801e-05
7.969899665551839689e+02 5.810353640562875265e-05
7.973244147157190582e+02 5.779713200866189122e-05
7.976588628762541475e+02 5.719587923005265930e-05
7.979933110367892368e+02 5.651451199661449934e-05
7.983277591973244398e+02 5.568310770499320766e-05
7.986622073578595291e+02 5.478677437672007598e-05
7.989966555183946184e+02 5.398822890892603348e-05
7.993311036789298214e+02 5.321018980536574737e-05
7.996655518394649107e+02 5.247835756159216605e-05
8.000000000000000000e+02 5.187089061579637229e-05
