7.000000000000000000e+02 5.339382747581452817e-05
7.010101010101010388e+02 5.075361924952110694e-05
7.020202020202019639e+02 4.832515957908265712e-05
7.030303030303030027e+02 4.595957857949199980e-05
7.040404040404040416e+02 4.365077198015261092e-05
7.050505050505050804e+02 4.140277091714528700e-05
7.060606060606060055e+02 3.931626740925036326e-05
7.070707070707070443e+02 3.736657111506464489e-05
7.080808080808080831e+02 3.558767246127393104e-05
7.090909090909091219e+02 3.392132278198303628e-05
7.101010101010100470e+02 3.234370194342526557e-05
7.111111111111110858e+02 3.087561573983143491e-05
7.121212121212121247e+02 2.950868842036832125e-05
7.131313131313131635e+02 2.833852822485708608e-05
7.141414141414140886e+02 2.738302057875008084e-05
7.151515151515151274e+02 2.657848767516863157e-05
7.161616161616161662e+02 2.591649674184516767e-05
7.171717171717172050e+02 2.538431556612741083e-05
7.181818181818181301e+02 2.497053079132544322e-05
7.191919191919191690e+02 2.459406520459002379e-05
7.202020202020202078e+02 2.432779044699849398e-05
7.212121212121212466e+02 2.408364661917426425e-05
7.222222222222221717e+02 2.389949854546002080e-05
7.232323232323232105e+02 2.361475502444682084e-05
7.242424242424242493e+02 2.351216991197302886e-05
7.252525252525252881e+02 2.349910833716982851e-05
7.262626262626262132e+02 2.358389709851186106e-05
7.272727272727272521e+02 2.374144668962466614e-05
7.282828282828282909e+02 2.389348733884249501e-05
7.292929292929293297e+02 2.406258394862800592e-05
7.303030303030302548e+02 2.422794605966835648e-05
7.313131313131312936e+02 2.442933883520381094e-05
7.323232323232323324e+02 2.470572357482988626e-05
7.333333333333333712e+02 2.495719064178344187e-05
7.343434343434342964e+02 2.519198689432831299e-05
7.353535353535353352e+02 2.538764360182083413e-05
7.363636363636363740e+02 2.556291496379078132e-05
7.373737373737374128e+02 2.568468147165163106e-05
7.383838383838383379e+02 2.579891356123725137e-05
7.393939393939393767e+02 2.593205688968402915e-05
7.404040404040404155e+02 2.602909100598482640e-05
7.414141414141414543e+02 2.611126042597041865e-05
7.424242424242423795e+02 2.598584632232377875e-05
7.434343434343434183e+02 2.588396410143533593e-05
7.444444444444444571e+02 2.583710708712856977e-05
7.454545454545454959e+02 2.580067389164146779e-05
7.464646464646464210e+02 2.577158302378741519e-05
7.474747474747474598e+02 2.574559725771050070e-05
7.484848484848484986e+02 2.567213724083880128e-05
7.494949494949495374e+02 2.554903220940603280e-05
7.505050505050504626e+02 2.542780235339433560e-05
7.515151515151515014e+02 2.533521028027918220e-05
7.525252525252525402e+02 2.523951748534471968e-05
7.535353535353535790e+02 2.515205431162413293e-05
7.545454545454545041e+02 2.503876918124285514e-05
7.555555555555555429e+02 2.487690924020720740e-05
7.565656565656565817e+02 2.454461266510617570e-05
7.575757575757576205e+02 2.425067977795747204e-05
7.585858585858585457e+02 2.395116380849405009e-05
7.595959595959595845e+02 2.388799452558798843e-05
7.606060606060606233e+02 2.408903950575535914e-05
7.616161616161616621e+02 2.468833802788572668e-05
7.626262626262625872e+02 2.591282891777291425e-05
7.636363636363636260e+02 2.705962292256524458e-05
7.646464646464646648e+02 2.858290050572467056e-05
7.656565656565657036e+02 2.982950756371829414e-05
7.666666666666666288e+02 3.067523732107872323e-05
7.676767676767676676e+02 3.136363343721364959e-05
7.686868686868687064e+02 3.212540350074385959e-05
7.696969696969697452e+02 3.129404765786677740e-05
7.707070707070706703e+02 2.978097518955700852e-05
7.717171717171717091e+02 2.797251462461343053e-05
7.727272727272727479e+02 2.572017296418815948e-05
7.737373737373737868e+02 2.361612808718094642e-05
7.747474747474747119e+02 2.359561554838540925e-05
7.757575757575757507e+02 2.614380784156324330e-05
7.767676767676767895e+02 3.075036237081029463e-05
7.777777777777778283e+02 3.693872570646243673e-05
7.787878787878787534e+02 4.362219975791669334e-05
7.797979797979797922e+02 5.084476345665769843e-05
7.808080808080808310e+02 5.700425766435837416e-05
7.818181818181818699e+02 6.136664187575131650e-05
7.828282828282827950e+02 6.305460990218655806e-05
7.838383838383838338e+02 6.240364443415299196e-05
7.848484848484848726e+02 5.849538812954232841e-05
7.858585858585859114e+02 5.332245307296848798e-05
7.868686868686868365e+02 4.749162845067546806e-05
7.878787878787878753e+02 4.134140382080784344e-05
7.888888888888889142e+02 3.660598113614846712e-05
7.898989898989899530e+02 3.514563714232788697e-05
7.909090909090908781e+02 3.777711188853570968e-05
7.919191919191919169e+02 4.325739824722160025e-05
7.929292929292929557e+02 4.953253401624195182e-05
7.939393939393939945e+02 5.476374238972473834e-05
7.949494949494949196e+02 5.847225545357607654e-05
7.959595959595959584e+02 5.945798895371053934e-05
7.969696969696969973e+02 5.887162179634585673e-05
7.979797979797979224e+02 5.675301841800129251e-05
7.989898989898989612e+02 5.406847248067027503e-05
8.000000000000000000e+02 5.190300336270375924e-05
