7.000000000000000000e+02 5.412384146026355189e-05
7.002004008016032230e+02 5.360596790625381594e-05
7.004008016032064461e+02 5.306970362594270384e-05
7.006012024048096691e+02 5.253889216913187042e-05
7.008016032064127785e+02 5.204281154170214654e-05
7.010020040080160015e+02 5.152015097192367784e-05
7.012024048096192246e+02 5.102033584654215516e-05
7.014028056112224476e+02 5.054328465764839181e-05
7.016032064128256707e+02 5.003627304698331853e-05
7.018036072144288937e+02 4.953345339032215445e-05
7.020040080160321168e+02 4.902586704490908789e-05
7.022044088176352261e+02 4.851029318119545465e-05
7.024048096192384492e+02 4.802287677078178598e-05
7.026052104208416722e+02 4.751280577697195587e-05
7.028056112224448952e+02 4.700913350044874303e-05
7.030060120240481183e+02 4.652165890516005869e-05
7.032064128256513413e+02 4.603876389660939520e-05
7.034068136272545644e+02 4.556743947527312099e-05
7.036072144288576737e+02 4.512195535906145699e-05
7.038076152304608968e+02 4.466723953261794749e-05
7.040080160320641198e+02 4.421216720885886984e-05
7.042084168336673429e+02 4.376614882099469258e-05
7.044088176352705659e+02 4.331330345827411727e-05
7.046092184368737890e+02 4.286530544606204925e-05
7.048096192384768983e+02 4.240953501454932588e-05
7.050100200400801214e+02 4.194781187722346666e-05
7.052104208416833444e+02 4.149840159337119606e-05
7.054108216432865675e+02 4.104700279571992915e-05
7.056112224448897905e+02 4.063476395639762463e-05
7.058116232464930135e+02 4.023056124885361851e-05
7.060120240480962366e+02 3.981818648640036165e-05
7.062124248496993459e+02 3.941498478306730687e-05
7.064128256513025690e+02 3.902555091315176763e-05
7.066132264529057920e+02 3.861967307328328318e-05
7.068136272545090151e+02 3.821012657239222424e-05
7.070140280561122381e+02 3.781419020903865853e-05
7.072144288577154612e+02 3.741893010202477007e-05
7.074148296593186842e+02 3.703521188199505632e-05
7.076152304609217936e+02 3.666322636995499848e-05
7.078156312625250166e+02 3.629540016912694472e-05
7.080160320641282397e+02 3.591223538221420579e-05
7.082164328657314627e+02 3.553784932607565789e-05
7.084168336673346857e+02 3.518520598502278333e-05
7.086172344689379088e+02 3.482630596259819500e-05
7.088176352705411318e+02 3.446188892945065233e-05
7.090180360721442412e+02 3.411442316049279023e-05
7.092184368737474642e+02 3.378185884514596217e-05
7.094188376753506873e+02 3.345658115857514769e-05
7.096192384769539103e+02 3.313908574103229134e-05
7.098196392785571334e+02 3.282224810778086685e-05
7.100200400801603564e+02 3.250470614573957115e-05
7.102204408817635795e+02 3.219181168105675561e-05
7.104208416833666888e+02 3.188090956388648186e-05
7.106212424849699119e+02 3.157850112460931948e-05
7.108216432865731349e+02 3.128904539823803692e-05
7.110220440881763579e+02 3.101291485116562180e-05
7.112224448897795810e+02 3.074540645812282648e-05
7.114228456913828040e+02 3.048241481269709085e-05
7.116232464929860271e+02 3.022929728331062390e-05
7.118236472945891364e+02 2.998385970927483978e-05
7.120240480961923595e+02 2.973586101565386106e-05
7.122244488977955825e+02 2.948923321511715182e-05
7.124248496993988056e+02 2.924138857820461008e-05
7.126252505010020286e+02 2.901348072459491198e-05
7.128256513026052517e+02 2.879334579239061875e-05
7.130260521042084747e+02 2.859096571019649455e-05
7.132264529058115841e+02 2.838851347654612993e-05
7.134268537074148071e+02 2.819446765943520267e-05
7.136272545090180301e+02 2.801112645469148194e-05
7.138276553106212532e+02 2.781758714704569608e-05
7.140280561122244762e+02 2.761868779315761126e-05
7.142284569138276993e+02 2.743884820390420876e-05
7.144288577154308086e+02 2.727922498006075263e-05
7.146292585170340317e+02 2.710936523000631747e-05
7.148296593186372547e+02 2.694535844410371071e-05
7.150300601202404778e+02 2.678213642951823476e-05
7.152304609218437008e+02 2.663394280219055288e-05
7.154308617234469239e+02 2.650591601363292774e-05
7.156312625250501469e+02 2.638709736512418925e-05
7.158316633266532563e+02 2.628511133389644085e-05
7.160320641282564793e+02 2.620818846384066436e-05
7.162324649298597024e+02 2.612234656146381363e-05
7.164328657314629254e+02 2.602479738289193700e-05
7.166332665330661484e+02 2.589714954029357264e-05
7.168336673346693715e+02 2.579331323497296850e-05
7.170340681362725945e+02 2.568537518229693813e-05
7.172344689378757039e+02 2.558791784816423354e-05
7.174348697394789269e+02 2.546771481036344263e-05
7.176352705410821500e+02 2.536210022623311067e-05
7.178356713426853730e+02 2.531216029573100823e-05
7.180360721442885961e+02 2.524091215748492972e-05
7.182364729458918191e+02 2.513484828522120437e-05
7.184368737474950422e+02 2.505054693375984701e-05
7.186372745490981515e+02 2.494858005775865041e-05
7.188376753507013746e+02 2.484298398240356346e-05
7.190380761523045976e+02 2.475332918890505240e-05
7.192384769539078206e+02 2.465099069184472497e-05
7.194388777555110437e+02 2.453849651487522606e-05
7.196392785571142667e+02 2.442569349202103213e-05
7.198396793587174898e+02 2.433311132216524363e-05
7.200400801603205991e+02 2.423796712269926193e-05
7.202404809619238222e+02 2.414148318283669258e-05
7.204408817635270452e+02 2.409538178819626785e-05
7.206412825651302683e+02 2.404182311185518354e-05
7.208416833667334913e+02 2.402583281537608404e-05
7.210420841683367144e+02 2.401070051163368079e-05
7.212424849699398237e+02 2.398302540184168552e-05
7.214428857715430468e+02 2.391897599534528989e-05
7.216432865731462698e+02 2.386659096392182918e-05
7.218436873747494928e+02 2.379658312170732356e-05
7.220440881763527159e+02 2.370702402493732506e-05
7.222444889779559389e+02 2.364879761548941816e-05
7.224448897795591620e+02 2.361313624116688983e-05
7.226452905811622713e+02 2.357193511941567000e-05
7.228456913827654944e+02 2.353742793585157512e-05
7.230460921843687174e+02 2.349816388889709010e-05
7.232464929859719405e+02 2.345448475057129367e-05
7.234468937875751635e+02 2.343609791464172382e-05
7.236472945891783866e+02 2.341916352543361893e-05
7.238476953907816096e+02 2.342185590378364690e-05
7.240480961923847190e+02 2.341227708192475886e-05
7.242484969939879420e+02 2.342249639228797536e-05
7.244488977955911650e+02 2.342467019123222036e-05
7.246492985971943881e+02 2.341279274447201128e-05
7.248496993987976111e+02 2.341180988138411058e-05
7.250501002004008342e+02 2.341554502131843637e-05
7.252505010020040572e+02 2.340659924802865289e-05
7.254509018036071666e+02 2.341567417807001092e-05
7.256513026052103896e+02 2.342273061160914585e-05
7.258517034068136127e+02 2.343353231219075995e-05
7.260521042084168357e+02 2.344729062636249160e-05
7.262525050100200588e+02 2.346882702185789716e-05
7.264529058116232818e+02 2.349079906650053913e-05
7.266533066132265049e+02 2.352281830757592897e-05
7.268537074148296142e+02 2.354972890671192320e-05
7.270541082164328373e+02 2.357234784950023210e-05
7.272545090180360603e+02 2.359876792460654019e-05
7.274549098196392833e+02 2.363741440808913053e-05
7.276553106212425064e+02 2.367920583215399926e-05
7.278557114228457294e+02 2.370638087463860060e-05
7.280561122244489525e+02 2.372992342104410051e-05
7.282565130260520618e+02 2.375805420297145203e-05
7.284569138276552849e+02 2.378226615045315792e-05
7.286573146292585079e+02 2.380496341119123831e-05
7.288577154308617310e+02 2.383421154287710024e-05
7.290581162324649540e+02 2.386415425663961768e-05
7.292585170340681771e+02 2.389678754747738638e-05
7.294589178356714001e+02 2.392819950521566061e-05
7.296593186372745095e+02 2.396247727764519618e-05
7.298597194388777325e+02 2.400151397898368834e-05
7.300601202404809555e+02 2.403775932745465002e-05
7.302605210420841786e+02 2.407756912038227050e-05
7.304609218436874016e+02 2.410699537594440068e-05
7.306613226452906247e+02 2.414646790285125604e-05
7.308617234468937340e+02 2.418716147706380718e-05
7.310621242484969571e+02 2.422268862689458475e-05
7.312625250501001801e+02 2.426269265811083602e-05
7.314629258517034032e+02 2.431157427049714093e-05
7.316633266533066262e+02 2.436380093207285837e-05
7.318637274549098493e+02 2.439635019589569051e-05
7.320641282565130723e+02 2.442778434407102720e-05
7.322645290581161817e+02 2.446844797581881773e-05
7.324649298597194047e+02 2.451119664931407396e-05
7.326653306613226277e+02 2.454788752261793288e-05
7.328657314629258508e+02 2.459160364056781428e-05
7.330661322645290738e+02 2.462817024541630770e-05
7.332665330661322969e+02 2.466115972736068147e-05
7.334669338677355199e+02 2.469384582013646673e-05
7.336673346693386293e+02 2.472503806555444313e-05
7.338677354709418523e+02 2.476025106779497555e-05
7.340681362725450754e+02 2.479284544148749458e-05
7.342685370741482984e+02 2.482067102187932018e-05
7.344689378757515215e+02 2.486079153302475512e-05
7.346693386773547445e+02 2.488730986665286561e-05
7.348697394789579675e+02 2.491704388935116706e-05
7.350701402805610769e+02 2.494197972681828947e-05
7.352705410821643000e+02 2.495934552470541117e-05
7.354709418837675230e+02 2.499509738052864936e-05
7.356713426853707460e+02 2.503034467957841324e-05
7.358717434869739691e+02 2.506582252399967026e-05
7.360721442885771921e+02 2.510800960223573170e-05
7.362725450901803015e+02 2.513840741816813368e-05
7.364729458917835245e+02 2.517104813920642732e-05
7.366733466933867476e+02 2.520558145993456311e-05
7.368737474949899706e+02 2.523962956180579738e-05
7.370741482965931937e+02 2.527982759648203664e-05
7.372745490981964167e+02 2.530225032410604745e-05
7.374749498997996398e+02 2.532622337067025860e-05
7.376753507014027491e+02 2.535761579794765255e-05
7.378757515030059722e+02 2.539206787248122555e-05
7.380761523046091952e+02 2.542996752628213459e-05
7.382765531062124182e+02 2.547494362492999526e-05
7.384769539078156413e+02 2.550857329201848916e-05
7.386773547094188643e+02 2.551934049053208482e-05
7.388777555110220874e+02 2.552274497446724741e-05
7.390781563126251967e+02 2.553575118554859424e-05
7.392785571142284198e+02 2.554799070597486596e-05
7.394789579158316428e+02 2.555082569172302344e-05
7.396793587174348659e+02 2.555538564034669455e-05
7.398797595190380889e+02 2.556213737278488027e-05
7.400801603206413120e+02 2.557560481250770187e-05
7.402805611222445350e+02 2.559629989899158960e-05
7.404809619238476444e+02 2.560975762507783208e-05
7.406813627254508674e+02 2.561345788850761434e-05
7.408817635270540904e+02 2.563762411506766300e-05
7.410821643286573135e+02 2.566452255391092597e-05
7.412825651302605365e+02 2.568425845867249054e-05
7.414829659318637596e+02 2.572662856050823897e-05
7.416833667334669826e+02 2.577344548159959232e-05
7.418837675350700920e+02 2.579257678161476521e-05
7.420841683366733150e+02 2.580582002667946518e-05
7.422845691382765381e+02 2.584972322627351901e-05
7.424849699398797611e+02 2.588244616669287603e-05
7.426853707414829842e+02 2.589847916466815367e-05
7.428857715430862072e+02 2.592929651026642862e-05
7.430861723446894302e+02 2.599243721784534413e-05
7.432865731462925396e+02 2.603931977371056527e-05
7.434869739478957626e+02 2.609116418648322431e-05
7.436873747494989857e+02 2.613009137882269322e-05
7.438877755511022087e+02 2.612865451923003816e-05
7.440881763527054318e+02 2.616848610781156677e-05
7.442885771543086548e+02 2.619403363877459014e-05
7.444889779559118779e+02 2.620985938688200295e-05
7.446893787575149872e+02 2.624984546776991365e-05
7.448897795591182103e+02 2.629556480361625181e-05
7.450901803607214333e+02 2.626108272648246513e-05
7.452905811623246564e+02 2.621295278615892884e-05
7.454909819639278794e+02 2.616903630252705127e-05
7.456913827655311025e+02 2.613808170321854795e-05
7.458917835671343255e+02 2.612494335094429549e-05
7.460921843687374349e+02 2.612795725662645660e-05
7.462925851703406579e+02 2.615712985419234415e-05
7.464929859719438809e+02 2.614433936338855549e-05
7.466933867735471040e+02 2.617006420516200524e-05
7.468937875751503270e+02 2.615995026167817792e-05
7.470941883767535501e+02 2.609705412917998383e-05
7.472945891783567731e+02 2.604464782580546121e-05
7.474949899799598825e+02 2.599413777210856006e-05
7.476953907815631055e+02 2.595375759851687659e-05
7.478957915831663286e+02 2.587021222034538694e-05
7.480961923847695516e+02 2.575548472361149246e-05
7.482965931863727747e+02 2.564873781309204751e-05
7.484969939879759977e+02 2.556761919194961674e-05
7.486973947895791071e+02 2.549855620368793026e-05
7.488977955911823301e+02 2.545199820188206045e-05
7.490981963927855531e+02 2.541250906377328237e-05
7.492985971943887762e+02 2.537589588669505333e-05
7.494989979959919992e+02 2.533537815991806323e-05
7.496993987975952223e+02 2.529612157766115301e-05
7.498997995991984453e+02 2.527539969320142943e-05
7.501002004008015547e+02 2.525429969116214118e-05
7.503006012024047777e+02 2.524738515416873830e-05
7.505010020040080008e+02 2.525421447915702559e-05
7.507014028056112238e+02 2.528894045482033175e-05
7.509018036072144469e+02 2.533843825654335068e-05
7.511022044088176699e+02 2.538242094601500924e-05
7.513026052104208929e+02 2.545025738960854023e-05
7.515030060120240023e+02 2.548442521358888630e-05
7.517034068136272253e+02 2.552437135770648912e-05
7.519038076152304484e+02 2.555881488341655457e-05
7.521042084168336714e+02 2.556840273731773470e-05
7.523046092184368945e+02 2.552590511352606682e-05
7.525050100200401175e+02 2.547762088916092322e-05
7.527054108216433406e+02 2.547676686853831427e-05
7.529058116232464499e+02 2.541752431773462254e-05
7.531062124248496730e+02 2.536980405561475678e-05
7.533066132264528960e+02 2.536013383596998709e-05
7.535070140280561191e+02 2.530437594606178102e-05
7.537074148296593421e+02 2.525137432173649567e-05
7.539078156312625651e+02 2.517858492969712471e-05
7.541082164328656745e+02 2.510205736459693684e-05
7.543086172344688975e+02 2.498120024514795097e-05
7.545090180360721206e+02 2.491475221652125156e-05
7.547094188376753436e+02 2.486902887042501757e-05
7.549098196392785667e+02 2.482273641352993876e-05
7.551102204408817897e+02 2.478433283000158470e-05
7.553106212424850128e+02 2.475789981764517592e-05
7.555110220440881221e+02 2.471527915508782230e-05
7.557114228456913452e+02 2.466647626535242653e-05
7.559118236472945682e+02 2.462797569659297417e-05
7.561122244488977913e+02 2.458882119688962195e-05
7.563126252505010143e+02 2.454897926827946211e-05
7.565130260521042374e+02 2.449612311241216534e-05
7.567134268537074604e+02 2.443685843653164804e-05
7.569138276553105698e+02 2.436029363531975434e-05
7.571142284569137928e+02 2.426341289756326521e-05
7.573146292585170158e+02 2.417939935188263118e-05
7.575150300601202389e+02 2.413129865883124054e-05
7.577154308617234619e+02 2.408009207190538398e-05
7.579158316633266850e+02 2.400730761460342921e-05
7.581162324649299080e+02 2.394994393476973816e-05
7.583166332665330174e+02 2.388192035491712569e-05
7.585170340681362404e+02 2.383342473681400152e-05
7.587174348697394635e+02 2.379971371336857733e-05
7.589178356713426865e+02 2.375751979845536999e-05
7.591182364729459096e+02 2.373797501880054375e-05
7.593186372745491326e+02 2.375370806107459016e-05
7.595190380761523556e+02 2.377256623164238306e-05
7.597194388777554650e+02 2.376994652157928724e-05
7.599198396793586880e+02 2.380062748295837371e-05
7.601202404809619111e+02 2.383658309998891729e-05
7.603206412825651341e+02 2.390004270520040724e-05
7.605210420841683572e+02 2.395793190684627835e-05
7.607214428857715802e+02 2.401214032852622070e-05
7.609218436873748033e+02 2.416051307275867232e-05
7.611222444889779126e+02 2.430651071789110485e-05
7.613226452905811357e+02 2.439062389735150815e-05
7.615230460921843587e+02 2.446330320620850905e-05
7.617234468937875818e+02 2.455295564428484431e-05
7.619238476953908048e+02 2.475657496235058596e-05
7.621242484969940278e+02 2.492272635387376238e-05
7.623246492985972509e+02 2.506840806790657441e-05
7.625250501002003602e+02 2.526818353643221313e-05
7.627254509018035833e+02 2.542377066685394527e-05
7.629258517034068063e+02 2.560697142038533295e-05
7.631262525050100294e+02 2.587446284837949966e-05
7.633266533066132524e+02 2.610989673366898619e-05
7.635270541082164755e+02 2.633279933634193685e-05
7.637274549098196985e+02 2.665414270129041636e-05
7.639278557114228079e+02 2.694217919340694974e-05
7.641282565130260309e+02 2.726047719910135015e-05
7.643286573146292540e+02 2.760958473055191077e-05
7.645290581162324770e+02 2.796921349162607312e-05
7.647294589178357000e+02 2.845596983749235963e-05
7.649298597194389231e+02 2.893976845165637123e-05
7.651302605210421461e+02 2.933108446406381951e-05
7.653306613226452555e+02 2.973083953740880835e-05
7.655310621242484785e+02 3.010698422905402734e-05
7.657314629258517016e+02 3.057237645668207568e-05
7.659318637274549246e+02 3.093992175547969958e-05
7.661322645290581477e+02 3.128265688645348537e-05
7.663326653306613707e+02 3.176464509072948744e-05
7.665330661322645938e+02 3.217066987714823674e-05
7.667334669338677031e+02 3.267922012180862176e-05
7.669338677354709262e+02 3.310228168750994942e-05
7.671342685370741492e+02 3.341660214787286386e-05
7.673346693386773723e+02 3.366023306550613693e-05
7.675350701402805953e+02 3.390016377097006272e-05
7.677354709418838183e+02 3.385735628633030437e-05
7.679358717434869277e+02 3.388136422682748022e-05
7.681362725450901507e+02 3.398989711134665822e-05
7.683366733466933738e+02 3.391374579355784977e-05
7.685370741482965968e+02 3.377450416058411540e-05
7.687374749498998199e+02 3.376514921432474024e-05
7.689378757515030429e+02 3.379769542745230673e-05
7.691382765531061523e+02 3.382445693516301959e-05
7.693386773547093753e+02 3.380054011934488783e-05
7.695390781563125984e+02 3.371629018725160891e-05
7.697394789579158214e+02 3.345064205159721131e-05
7.699398797595190445e+02 3.325295789679509341e-05
7.701402805611222675e+02 3.298011987005849255e-05
7.703406813627254905e+02 3.256461880603033789e-05
7.705410821643285999e+02 3.187374980933605103e-05
7.707414829659318229e+02 3.122898307237495600e-05
7.709418837675350460e+02 3.057736942919120631e-05
7.711422845691382690e+02 3.015057501389508481e-05
7.713426853707414921e+02 2.974080123535827996e-05
7.715430861723447151e+02 2.914349549383732786e-05
7.717434869739479382e+02 2.854640099802892151e-05
7.719438877755510475e+02 2.809399301391774732e-05
7.721442885771542706e+02 2.746489727151619817e-05
7.723446893787574936e+02 2.680858198766223688e-05
7.725450901803607167e+02 2.606628068370190159e-05
7.727454909819639397e+02 2.545884149613276040e-05
7.729458917835671627e+02 2.490457476054684562e-05
7.731462925851703858e+02 2.443227086947713275e-05
7.733466933867734951e+02 2.402599518309116871e-05
7.735470941883767182e+02 2.368590386043796994e-05
7.737474949899799412e+02 2.344136679860053089e-05
7.739478957915831643e+02 2.327809974118373644e-05
7.741482965931863873e+02 2.326934266974580977e-05
7.743486973947896104e+02 2.339660322662396027e-05
7.745490981963928334e+02 2.365063275843087953e-05
7.747494989979959428e+02 2.404713406995525701e-05
7.749498997995991658e+02 2.459566081014916819e-05
7.751503006012023889e+02 2.536844847850464694e-05
7.753507014028056119e+02 2.630171355586045020e-05
7.755511022044088350e+02 2.738357577435346967e-05
7.757515030060120580e+02 2.864389541328110533e-05
7.759519038076152810e+02 3.005044280721713462e-05
7.761523046092183904e+02 3.145788092142097421e-05
7.763527054108216134e+02 3.284171876056726520e-05
7.765531062124248365e+02 3.427936541430681320e-05
7.767535070140280595e+02 3.577116317335720476e-05
7.769539078156312826e+02 3.735884059698388972e-05
7.771543086172345056e+02 3.911989391432024726e-05
7.773547094188377287e+02 4.071811606897934383e-05
7.775551102204408380e+02 4.222869686875161755e-05
7.777555110220440611e+02 4.368322032934549541e-05
7.779559118236472841e+02 4.514316562833695762e-05
7.781563126252505072e+02 4.653439287316046895e-05
7.783567134268537302e+02 4.785132841740583260e-05
7.785571142284569532e+02 4.921479483475607754e-05
7.787575150300601763e+02 5.073258569273825404e-05
7.789579158316632856e+02 5.225494555430598042e-05
7.791583166332665087e+02 5.332906854185921075e-05
7.793587174348697317e+02 5.429922666018010277e-05
7.795591182364729548e+02 5.542772208344565215e-05
7.797595190380761778e+02 5.657454398659629878e-05
7.799599198396794009e+02 5.759268522019747068e-05
7.801603206412826239e+02 5.851191780462243903e-05
7.803607214428857333e+02 5.930323526173804003e-05
7.805611222444889563e+02 6.026747770807313562e-05
7.807615230460921794e+02 6.111615067992875528e-05
7.809619238476954024e+02 6.176261491701469635e-05
7.811623246492986254e+02 6.229402941104946617e-05
7.813627254509018485e+02 6.269887571366910249e-05
7.815631262525050715e+02 6.304987900441397350e-05
7.817635270541081809e+02 6.320550863369148230e-05
7.819639278557114039e+02 6.330722131997290972e-05
7.821643286573146270e+02 6.342953952581019622e-05
7.823647294589178500e+02 6.312316060869307803e-05
7.825651302605210731e+02 6.263650002612235624e-05
7.827655310621242961e+02 6.200898638284030870e-05
7.829659318637275192e+02 6.146923399025229463e-05
7.831663326653306285e+02 6.064361922460017299e-05
7.833667334669338516e+02 5.982114514668619644e-05
7.835671342685370746e+02 5.907567247172672021e-05
7.837675350701402976e+02 5.825170744408031512e-05
7.839679358717435207e+02 5.747147458458632335e-05
7.841683366733467437e+02 5.649487758917068396e-05
7.843687374749498531e+02 5.541922019248088599e-05
7.845691382765530761e+02 5.417500689435427781e-05
7.847695390781562992e+02 5.285855746328439075e-05
7.849699398797595222e+02 5.153141084522760155e-05
7.851703406813627453e+02 5.021204431888558369e-05
7.853707414829659683e+02 4.894011310742535820e-05
7.855711422845690777e+02 4.784581710878476842e-05
7.857715430861723007e+02 4.670784933302420436e-05
7.859719438877755238e+02 4.552755878349085242e-05
7.861723446893787468e+02 4.438958725182300070e-05
7.863727454909819699e+02 4.323909812238986268e-05
7.865731462925851929e+02 4.211796757269775470e-05
7.867735470941884159e+02 4.102390613200677304e-05
7.869739478957915253e+02 4.006858677946640256e-05
7.871743486973947483e+02 3.914686367128160160e-05
7.873747494989979714e+02 3.832415078048069919e-05
7.875751503006011944e+02 3.748364473220016383e-05
7.877755511022044175e+02 3.667386756944709540e-05
7.879759519038076405e+02 3.596052394741000249e-05
7.881763527054108636e+02 3.543789063125101353e-05
7.883767535070139729e+02 3.502466655661190981e-05
7.885771543086171960e+02 3.466748557125255047e-05
7.887775551102204190e+02 3.450086842497771330e-05
7.889779559118236421e+02 3.445654805995274382e-05
7.891783567134268651e+02 3.454751072253576838e-05
7.893787575150300881e+02 3.480234226863113112e-05
7.895791583166333112e+02 3.518782294364513453e-05
7.897795591182364205e+02 3.572944178472560613e-05
7.899799599198396436e+02 3.640013628619230313e-05
7.901803607214428666e+02 3.723203471227684087e-05
7.903807615230460897e+02 3.814208881031111702e-05
7.905811623246493127e+02 3.916180732591555136e-05
7.907815631262525358e+02 4.018630507885671973e-05
7.909819639278557588e+02 4.142656406878042610e-05
7.911823647294588682e+02 4.261822199071182786e-05
7.913827655310620912e+02 4.380240381028597542e-05
7.915831663326653143e+02 4.480431608676561434e-05
7.917835671342685373e+02 4.583220925715413685e-05
7.919839679358717603e+02 4.688029635487743805e-05
7.921843687374749834e+02 4.784835107335484229e-05
7.923847695390782064e+02 4.891124428077788362e-05
7.925851703406813158e+02 4.996359533753892641e-05
7.927855711422845388e+02 5.082469488872954510e-05
7.929859719438877619e+02 5.153386089548371492e-05
7.931863727454909849e+02 5.235238596402878630e-05
7.933867735470942080e+02 5.307069835395600142e-05
7.935871743486974310e+02 5.377083844562821537e-05
7.937875751503006541e+02 5.443396101029305043e-05
7.939879759519037634e+02 5.511736989011252496e-05
7.941883767535069865e+02 5.567239425962417984e-05
7.943887775551102095e+02 5.615881762455994178e-05
7.945891783567134325e+02 5.644922062294731438e-05
7.947895791583166556e+02 5.663815083624405058e-05
7.949899799599198786e+02 5.685281503292068079e-05
7.951903807615231017e+02 5.693613183831659541e-05
7.953907815631262110e+02 5.692472994568958510e-05
7.955911823647294341e+02 5.690395158189899224e-05
7.957915831663326571e+02 5.682027345020520268e-05
7.959919839679358802e+02 5.665941540078795320e-05
7.961923847695391032e+02 5.647477268556301604e-05
7.963927855711423263e+02 5.634883934667257906e-05
7.965931863727455493e+02 5.613005561125815178e-05
7.967935871743486587e+02 5.578282994220143902e-05
7.969939879759518817e+02 5.544257062770695352e-05
7.971943887775551048e+02 5.505014182924823234e-05
7.973947895791583278e+02 5.457293223295058248e-05
7.975951903807615508e+02 5.410837273266822086e-05
7.977955911823647739e+02 5.369644437985596734e-05
7.979959919839679969e+02 5.332993752603446398e-05
7.981963927855711063e+02 5.301542075949957521e-05
7.983967935871743293e+02 5.268562852539966239e-05
7.985971943887775524e+02 5.233515752975248666e-05
7.987975951903807754e+02 5.202502504880463489e-05
7.989979959919839985e+02 5.172330671140694283e-05
7.991983967935872215e+02 5.139433833794063416e-05
7.993987975951904446e+02 5.109299865887234507e-05
7.995991983967935539e+02 5.081049199588279875e-05
7.997995991983967770e+02 5.064564529278243191e-05
8.000000000000000000e+02 5.055576435698642279e-05
