7.000000000000000000e+02 3.607878988346985923e-05
7.005025125628141041e+02 3.591874054753153807e-05
7.010050251256280944e+02 3.571022948338173510e-05
7.015075376884421985e+02 3.547265777749230708e-05
7.020100502512563025e+02 3.522699775912699230e-05
7.025125628140704066e+02 3.491214183160758233e-05
7.030150753768843970e+02 3.454652214421954860e-05
7.035175879396985010e+02 3.425653281380364206e-05
7.040201005025126051e+02 3.386235301163820660e-05
7.045226130653265955e+02 3.345551836477822955e-05
7.050251256281406995e+02 3.308596003459310196e-05
7.055276381909548036e+02 3.269541449493186481e-05
7.060301507537687939e+02 3.225897671439856355e-05
7.065326633165828980e+02 3.190139868542811441e-05
7.070351758793970021e+02 3.165413611864774455e-05
7.075376884422111061e+02 3.132387032790375842e-05
7.080402010050250965e+02 3.097822129045769941e-05
7.085427135678392006e+02 3.063390374185043528e-05
7.090452261306533046e+02 3.027146492587213256e-05
7.095477386934672950e+02 2.997784485416617750e-05
7.100502512562813990e+02 2.968163699687574448e-05
7.105527638190955031e+02 2.938264338167275109e-05
7.110552763819094935e+02 2.913184254290595665e-05
7.115577889447235975e+02 2.881353553647848179e-05
7.120603015075377016e+02 2.854897131840256945e-05
7.125628140703518056e+02 2.816893487678850009e-05
7.130653266331657960e+02 2.786852417391868811e-05
7.135678391959799001e+02 2.752359056166372333e-05
7.140703517587940041e+02 2.714262997238213706e-05
7.145728643216079945e+02 2.682917363855100341e-05
7.150753768844220986e+02 2.646153620273784327e-05
7.155778894472362026e+02 2.611201901452287998e-05
7.160804020100501930e+02 2.581083778483755223e-05
7.165829145728642970e+02 2.549983093529986351e-05
7.170854271356784011e+02 2.518737243709555241e-05
7.175879396984925052e+02 2.489662902374891067e-05
7.180904522613064955e+02 2.460423685233662625e-05
7.185929648241205996e+02 2.430537756745442882e-05
7.190954773869347036e+02 2.404891302146803478e-05
7.195979899497486940e+02 2.385925430308218965e-05
7.201005025125627981e+02 2.363328708972287022e-05
7.206030150753769021e+02 2.346292574602746025e-05
7.211055276381910062e+02 2.330554375578331437e-05
7.216080402010049966e+02 2.313140940423326182e-05
7.221105527638191006e+02 2.300998986791552288e-05
7.226130653266332047e+02 2.285816498477315133e-05
7.231155778894471950e+02 2.259661387942860867e-05
7.236180904522612991e+02 2.232931998748957192e-05
7.241206030150754032e+02 2.210015358686312546e-05
7.246231155778893935e+02 2.193274456813966978e-05
7.251256281407034976e+02 2.175010495649533482e-05
7.256281407035176017e+02 2.142898060478771744e-05
7.261306532663317057e+02 2.112017424755040720e-05
7.266331658291456961e+02 2.081991429848059581e-05
7.271356783919598001e+02 2.054242328881899851e-05
7.276381909547739042e+02 2.027269374165758720e-05
7.281407035175878946e+02 2.006235414497819353e-05
7.286432160804019986e+02 1.985424484488999535e-05
7.291457286432161027e+02 1.966133574342063134e-05
7.296482412060302067e+02 1.949724733302551002e-05
7.301507537688441971e+02 1.935220096165783413e-05
7.306532663316583012e+02 1.923439494198817340e-05
7.311557788944724052e+02 1.914363810115808008e-05
7.316582914572863956e+02 1.903364272230712731e-05
7.321608040201004997e+02 1.890093711821836417e-05
7.326633165829146037e+02 1.870571377476076740e-05
7.331658291457285941e+02 1.853443486083473211e-05
7.336683417085426981e+02 1.834398748380437262e-05
7.341708542713568022e+02 1.822034508750880892e-05
7.346733668341707926e+02 1.817155343422163387e-05
7.351758793969848966e+02 1.800287018682651791e-05
7.356783919597990007e+02 1.787606301606039041e-05
7.361809045226131047e+02 1.778167953451703995e-05
7.366834170854270951e+02 1.767328592797139870e-05
7.371859296482411992e+02 1.756363094044107871e-05
7.376884422110553032e+02 1.751186228561281847e-05
7.381909547738692936e+02 1.749654800633895630e-05
7.386934673366833977e+02 1.742437226560161962e-05
7.391959798994975017e+02 1.736995417158141656e-05
7.396984924623116058e+02 1.723417917289146357e-05
7.402010050251255961e+02 1.717211307497430820e-05
7.407035175879397002e+02 1.717680172602533659e-05
7.412060301507538043e+02 1.714194994340292484e-05
7.417085427135677946e+02 1.709754069862184440e-05
7.422110552763818987e+02 1.710011781653042242e-05
7.427135678391960028e+02 1.723828851301242420e-05
7.432160804020099931e+02 1.734185795442169840e-05
7.437185929648240972e+02 1.753481255670029851e-05
7.442211055276382012e+02 1.759124671400890747e-05
7.447236180904523053e+02 1.768858395995220932e-05
7.452261306532662957e+02 1.770994177185427048e-05
7.457286432160803997e+02 1.784038992228170027e-05
7.462311557788945038e+02 1.785122316710950627e-05
7.467336683417084942e+02 1.790862609034836383e-05
7.472361809045225982e+02 1.787632604311002109e-05
7.477386934673367023e+02 1.787776562844242860e-05
7.482412060301508063e+02 1.787799569834503806e-05
7.487437185929647967e+02 1.796922089452105193e-05
7.492462311557789008e+02 1.792351815711580731e-05
7.497487437185930048e+02 1.790593510150021543e-05
7.502512562814069952e+02 1.791914679678199778e-05
7.507537688442210992e+02 1.795211114081125237e-05
7.512562814070352033e+02 1.816900332660161999e-05
7.517587939698491937e+02 1.847594569547999648e-05
7.522613065326632977e+02 1.883882882587469430e-05
7.527638190954774018e+02 1.927796335429884822e-05
7.532663316582913922e+02 1.969230691948095687e-05
7.537688442211054962e+02 2.002859555439085969e-05
7.542713567839196003e+02 2.043187740191180436e-05
7.547738693467337043e+02 2.107676914278742685e-05
7.552763819095476947e+02 2.169432793124204619e-05
7.557788944723617988e+02 2.217795589808025891e-05
7.562814070351759028e+02 2.282423996052689605e-05
7.567839195979898932e+02 2.322039077513209622e-05
7.572864321608039972e+02 2.364443685872347437e-05
7.577889447236181013e+02 2.398862828871885006e-05
7.582914572864322054e+02 2.432540365983679645e-05
7.587939698492461957e+02 2.477485447975129906e-05
7.592964824120602998e+02 2.491569691318838719e-05
7.597989949748744039e+02 2.495680273682340352e-05
7.603015075376883942e+02 2.524232509774906470e-05
7.608040201005024983e+02 2.547123979025262322e-05
7.613065326633166023e+02 2.587552676781670584e-05
7.618090452261305927e+02 2.639665210709670073e-05
7.623115577889446968e+02 2.681104849298396236e-05
7.628140703517588008e+02 2.735875705732558261e-05
7.633165829145729049e+02 2.774405247846376815e-05
7.638190954773868953e+02 2.834159789486077270e-05
7.643216080402009993e+02 2.921873115452478648e-05
7.648241206030151034e+02 3.051491894762557795e-05
7.653266331658290937e+02 3.184519495976681350e-05
7.658291457286431978e+02 3.298141751083201342e-05
7.663316582914573019e+02 3.397216981135206548e-05
7.668341708542714059e+02 3.491533068723397774e-05
7.673366834170853963e+02 3.599438325648234450e-05
7.678391959798995003e+02 3.716492720881025153e-05
7.683417085427136044e+02 3.845701926374129920e-05
7.688442211055275948e+02 4.001032149301009532e-05
7.693467336683416988e+02 4.163391466491492716e-05
7.698492462311558029e+02 4.339969839118077241e-05
7.703517587939697933e+02 4.486709875100303711e-05
7.708542713567838973e+02 4.654776401673952247e-05
7.713567839195980014e+02 4.808488429829770305e-05
7.718592964824119917e+02 4.958287475794123390e-05
7.723618090452260958e+02 5.076693181684205862e-05
7.728643216080401999e+02 5.224818452323641077e-05
7.733668341708543039e+02 5.318745907312985642e-05
7.738693467336682943e+02 5.380609313870239786e-05
7.743718592964823983e+02 5.442293530531031471e-05
7.748743718592965024e+02 5.453635771434985497e-05
7.753768844221106065e+02 5.434291551858368955e-05
7.758793969849245968e+02 5.412435930670151703e-05
7.763819095477387009e+02 5.412837673775445119e-05
7.768844221105528050e+02 5.418505572586264211e-05
7.773869346733667953e+02 5.366316335613140811e-05
7.778894472361808994e+02 5.308644209149810701e-05
7.783919597989950034e+02 5.271905998340860870e-05
7.788944723618089938e+02 5.267166999663600913e-05
7.793969849246230979e+02 5.290950264115950675e-05
7.798994974874372019e+02 5.346211943369901204e-05
7.804020100502511923e+02 5.444820959190079884e-05
7.809045226130652964e+02 5.539351972657572380e-05
7.814070351758794004e+02 5.614540439377850594e-05
7.819095477386935045e+02 5.695698899425697456e-05
7.824120603015074948e+02 5.781062305951881783e-05
7.829145728643215989e+02 5.896016219017310083e-05
7.834170854271357030e+02 6.008580388178034088e-05
7.839195979899496933e+02 6.107159684869320189e-05
7.844221105527637974e+02 6.187352811281771384e-05
7.849246231155779014e+02 6.219207035692050206e-05
7.854271356783920055e+02 6.215934174776027092e-05
7.859296482412059959e+02 6.190945531526368870e-05
7.864321608040200999e+02 6.128726104629131127e-05
7.869346733668342040e+02 6.037968342411688524e-05
7.874371859296481944e+02 5.924028572305312942e-05
7.879396984924622984e+02 5.798345420086372504e-05
7.884422110552764025e+02 5.617646582352125490e-05
7.889447236180903928e+02 5.490601204083675127e-05
7.894472361809044969e+02 5.409482431711857279e-05
7.899497487437186010e+02 5.333679652528268775e-05
7.904522613065325913e+02 5.283669017268937860e-05
7.909547738693466954e+02 5.242551476616153443e-05
7.914572864321607994e+02 5.255251529660188466e-05
7.919597989949749035e+02 5.300321776832202524e-05
7.924623115577888939e+02 5.379118468101423597e-05
7.929648241206029979e+02 5.466960230052752141e-05
7.934673366834171020e+02 5.535435397097622696e-05
7.939698492462312061e+02 5.604223894305381594e-05
7.944723618090451964e+02 5.598726639121935682e-05
7.949748743718593005e+02 5.553286571060960642e-05
7.954773869346734045e+02 5.476857796728748176e-05
7.959798994974873949e+02 5.365126805401171140e-05
7.964824120603014990e+02 5.228495979529439218e-05
7.969849246231156030e+02 5.059611048862174579e-05
7.974874371859295934e+02 4.864882141908699777e-05
7.979899497487436975e+02 4.619841376204514798e-05
7.984924623115578015e+02 4.355856190415180766e-05
7.989949748743717919e+02 4.044809510193019274e-05
7.994974874371858959e+02 3.757309416566350822e-05
8.000000000000000000e+02 3.467665324671719506e-05
