7.000000000000000000e+02 3.775078472080441188e-05
7.005025125628141041e+02 3.732028254938308935e-05
7.010050251256280944e+02 3.692710448732390447e-05
7.015075376884421985e+02 3.651223711155513401e-05
7.020100502512563025e+02 3.610079916193646590e-05
7.025125628140704066e+02 3.569972930483690429e-05
7.030150753768843970e+02 3.525462923641775002e-05
7.035175879396985010e+02 3.482136046938383859e-05
7.040201005025126051e+02 3.437193075824961417e-05
7.045226130653265955e+02 3.394134306888116386e-05
7.050251256281406995e+02 3.350585791752184621e-05
7.055276381909548036e+02 3.308447433537187410e-05
7.060301507537687939e+02 3.266538488468811904e-05
7.065326633165828980e+02 3.227397149139364554e-05
7.070351758793970021e+02 3.190085256747187125e-05
7.075376884422111061e+02 3.153772830613572306e-05
7.080402010050250965e+02 3.117841796456380279e-05
7.085427135678392006e+02 3.081370989076889452e-05
7.090452261306533046e+02 3.045966916780912018e-05
7.095477386934672950e+02 3.010943080563601324e-05
7.100502512562813990e+02 2.979259092076711718e-05
7.105527638190955031e+02 2.946979456094475097e-05
7.110552763819094935e+02 2.915486440385670256e-05
7.115577889447235975e+02 2.882546677535977793e-05
7.120603015075377016e+02 2.851965982535256490e-05
7.125628140703518056e+02 2.816315732038452433e-05
7.130653266331657960e+02 2.785615901965903896e-05
7.135678391959799001e+02 2.753553309601425878e-05
7.140703517587940041e+02 2.719184358477168595e-05
7.145728643216079945e+02 2.688610275739150001e-05
7.150753768844220986e+02 2.653521101874875893e-05
7.155778894472362026e+02 2.620667693695367899e-05
7.160804020100501930e+02 2.587185160438811959e-05
7.165829145728642970e+02 2.553672879533381247e-05
7.170854271356784011e+02 2.521256754982905863e-05
7.175879396984925052e+02 2.490554896298943885e-05
7.180904522613064955e+02 2.461370302282586017e-05
7.185929648241205996e+02 2.432659222870603788e-05
7.190954773869347036e+02 2.404804226329148318e-05
7.195979899497486940e+02 2.379568713321122598e-05
7.201005025125627981e+02 2.358348894874393777e-05
7.206030150753769021e+02 2.339751190826433656e-05
7.211055276381910062e+02 2.319537153436345268e-05
7.216080402010049966e+02 2.298882556367835026e-05
7.221105527638191006e+02 2.283636915443716146e-05
7.226130653266332047e+02 2.266890843185752314e-05
7.231155778894471950e+02 2.246495101736326589e-05
7.236180904522612991e+02 2.226117397350718631e-05
7.241206030150754032e+02 2.203894746748799214e-05
7.246231155778893935e+02 2.184458772661288062e-05
7.251256281407034976e+02 2.167765321128503229e-05
7.256281407035176017e+02 2.139087130234924007e-05
7.261306532663317057e+02 2.111635629552576640e-05
7.266331658291456961e+02 2.086171912009501380e-05
7.271356783919598001e+02 2.063134439431353606e-05
7.276381909547739042e+02 2.041596832177112824e-05
7.281407035175878946e+02 2.022110731900063550e-05
7.286432160804019986e+02 2.001930389667846456e-05
7.291457286432161027e+02 1.982152337009492163e-05
7.296482412060302067e+02 1.966000727241637761e-05
7.301507537688441971e+02 1.953012737525295484e-05
7.306532663316583012e+02 1.939631487905915549e-05
7.311557788944724052e+02 1.928848882714131419e-05
7.316582914572863956e+02 1.918534073753870597e-05
7.321608040201004997e+02 1.904521198134824780e-05
7.326633165829146037e+02 1.888030652713249200e-05
7.331658291457285941e+02 1.873197217581616531e-05
7.336683417085426981e+02 1.856856471217012517e-05
7.341708542713568022e+02 1.845496803615067616e-05
7.346733668341707926e+02 1.841645376270335707e-05
7.351758793969848966e+02 1.827405075811767784e-05
7.356783919597990007e+02 1.815124133905038754e-05
7.361809045226131047e+02 1.805606014118592029e-05
7.366834170854270951e+02 1.794094737796064447e-05
7.371859296482411992e+02 1.783073323958182460e-05
7.376884422110553032e+02 1.776314618614793331e-05
7.381909547738692936e+02 1.772150308913232619e-05
7.386934673366833977e+02 1.766714993757363019e-05
7.391959798994975017e+02 1.761745901015931298e-05
7.396984924623116058e+02 1.751908518528974334e-05
7.402010050251255961e+02 1.747755456051949005e-05
7.407035175879397002e+02 1.747705484904005612e-05
7.412060301507538043e+02 1.747374482775294132e-05
7.417085427135677946e+02 1.746888346064625933e-05
7.422110552763818987e+02 1.749575769376702985e-05
7.427135678391960028e+02 1.768554439458229133e-05
7.432160804020099931e+02 1.783500805526919768e-05
7.437185929648240972e+02 1.806599300825504454e-05
7.442211055276382012e+02 1.818524827595954419e-05
7.447236180904523053e+02 1.833277134896013459e-05
7.452261306532662957e+02 1.838785030241274146e-05
7.457286432160803997e+02 1.857195393330537982e-05
7.462311557788945038e+02 1.861724993756169001e-05
7.467336683417084942e+02 1.869426954280053226e-05
7.472361809045225982e+02 1.866887079657919736e-05
7.477386934673367023e+02 1.866796166918328396e-05
7.482412060301508063e+02 1.865412449597427452e-05
7.487437185929647967e+02 1.874152679821308645e-05
7.492462311557789008e+02 1.866888379692255629e-05
7.497487437185930048e+02 1.858593384512675177e-05
7.502512562814069952e+02 1.855841477155223537e-05
7.507537688442210992e+02 1.855042134078110604e-05
7.512562814070352033e+02 1.869304729082947461e-05
7.517587939698491937e+02 1.891541691165801609e-05
7.522613065326632977e+02 1.918419747938601485e-05
7.527638190954774018e+02 1.951312067307053616e-05
7.532663316582913922e+02 1.983545736373596035e-05
7.537688442211054962e+02 2.008921678143285551e-05
7.542713567839196003e+02 2.039806314767633107e-05
7.547738693467337043e+02 2.095424309926411060e-05
7.552763819095476947e+02 2.150223623731967933e-05
7.557788944723617988e+02 2.188830509717999736e-05
7.562814070351759028e+02 2.241631248400544131e-05
7.567839195979898932e+02 2.271850203692496974e-05
7.572864321608039972e+02 2.305558843465345303e-05
7.577889447236181013e+02 2.333954422124178652e-05
7.582914572864322054e+02 2.363342439706963039e-05
7.587939698492461957e+02 2.402588968297754914e-05
7.592964824120602998e+02 2.414166009319625034e-05
7.597989949748744039e+02 2.418800785038941218e-05
7.603015075376883942e+02 2.443732102589630923e-05
7.608040201005024983e+02 2.470066483035372710e-05
7.613065326633166023e+02 2.512134761686037485e-05
7.618090452261305927e+02 2.566704993724763543e-05
7.623115577889446968e+02 2.617535882594725321e-05
7.628140703517588008e+02 2.684007084154982380e-05
7.633165829145729049e+02 2.731655763557136953e-05
7.638190954773868953e+02 2.805518371694516863e-05
7.643216080402009993e+02 2.910149127939918904e-05
7.648241206030151034e+02 3.050288096082575651e-05
7.653266331658290937e+02 3.199399465327098510e-05
7.658291457286431978e+02 3.322357587431801619e-05
7.663316582914573019e+02 3.430027815509378657e-05
7.668341708542714059e+02 3.533294747257216691e-05
7.673366834170853963e+02 3.646836472089873629e-05
7.678391959798995003e+02 3.764492161627414204e-05
7.683417085427136044e+02 3.890679290485212405e-05
7.688442211055275948e+02 4.044704805207579445e-05
7.693467336683416988e+02 4.208250660611700266e-05
7.698492462311558029e+02 4.379811393527183091e-05
7.703517587939697933e+02 4.521666328083720487e-05
7.708542713567838973e+02 4.680830118773506764e-05
7.713567839195980014e+02 4.824313467859103207e-05
7.718592964824119917e+02 4.960310465661114894e-05
7.723618090452260958e+02 5.066632335321051231e-05
7.728643216080401999e+02 5.201279624799151467e-05
7.733668341708543039e+02 5.279221374335738985e-05
7.738693467336682943e+02 5.326302445721976597e-05
7.743718592964823983e+02 5.374683944248071307e-05
7.748743718592965024e+02 5.371338385831146868e-05
7.753768844221106065e+02 5.339046668472529028e-05
7.758793969849245968e+02 5.302697962793426352e-05
7.763819095477387009e+02 5.290772423629139481e-05
7.768844221105528050e+02 5.280827524854008571e-05
7.773869346733667953e+02 5.224506139590834162e-05
7.778894472361808994e+02 5.162208973851319164e-05
7.783919597989950034e+02 5.127630862490947767e-05
7.788944723618089938e+02 5.130149460441960437e-05
7.793969849246230979e+02 5.165097524842524507e-05
7.798994974874372019e+02 5.235159709463977094e-05
7.804020100502511923e+02 5.343611968366002439e-05
7.809045226130652964e+02 5.457182552776361018e-05
7.814070351758794004e+02 5.554573979354152828e-05
7.819095477386935045e+02 5.648271026947176976e-05
7.824120603015074948e+02 5.749750850700111651e-05
7.829145728643215989e+02 5.879720111198908841e-05
7.834170854271357030e+02 6.002579349467685469e-05
7.839195979899496933e+02 6.107923759775721307e-05
7.844221105527637974e+02 6.187997081612506235e-05
7.849246231155779014e+02 6.219102837882446537e-05
7.854271356783920055e+02 6.216307424606007273e-05
7.859296482412059959e+02 6.188383152049687069e-05
7.864321608040200999e+02 6.126379178553001696e-05
7.869346733668342040e+02 6.035262061698551086e-05
7.874371859296481944e+02 5.922345872327632927e-05
7.879396984924622984e+02 5.803904110338879745e-05
7.884422110552764025e+02 5.632980124141700063e-05
7.889447236180903928e+02 5.513977328113064480e-05
7.894472361809044969e+02 5.447460409952316557e-05
7.899497487437186010e+02 5.396538108850643003e-05
7.904522613065325913e+02 5.364877246031018603e-05
7.909547738693466954e+02 5.337512913035848843e-05
7.914572864321607994e+02 5.358279308622436823e-05
7.919597989949749035e+02 5.419570262275603002e-05
7.924623115577888939e+02 5.511472772093419344e-05
7.929648241206029979e+02 5.606173022995302732e-05
7.934673366834171020e+02 5.678591757237593543e-05
7.939698492462312061e+02 5.746784220933461853e-05
7.944723618090451964e+02 5.740780025701052087e-05
7.949748743718593005e+02 5.690521247580854533e-05
7.954773869346734045e+02 5.601882220424132076e-05
7.959798994974873949e+02 5.477766528623827751e-05
7.964824120603014990e+02 5.330386549835510807e-05
7.969849246231156030e+02 5.154366452435012918e-05
7.974874371859295934e+02 4.949309971770504929e-05
7.979899497487436975e+02 4.697587649521264196e-05
7.984924623115578015e+02 4.432118653734507771e-05
7.989949748743717919e+02 4.129226440644967374e-05
7.994974874371858959e+02 3.858773619555665987e-05
8.000000000000000000e+02 3.600310954748717787e-05
