7.000000000000000000e+02 3.872817905465988026e-06
7.005025125628141041e+02 4.084370188121782246e-06
7.010050251256280944e+02 4.339157335832097029e-06
7.015075376884421985e+02 4.298387423739805366e-06
7.020100502512563025e+02 4.271925858674996441e-06
7.025125628140704066e+02 4.340245938623762639e-06
7.030150753768843970e+02 4.302603352629442449e-06
7.035175879396985010e+02 4.162894351977300616e-06
7.040201005025126051e+02 3.875012448910136486e-06
7.045226130653265955e+02 3.790628348126054694e-06
7.050251256281406995e+02 3.817806270775345354e-06
7.055276381909548036e+02 4.021015892522613152e-06
7.060301507537687939e+02 4.455314852515188753e-06
7.065326633165828980e+02 4.548839902113055687e-06
7.070351758793970021e+02 4.679771383001595516e-06
7.075376884422111061e+02 4.511174621554512927e-06
7.080402010050250965e+02 4.325049643075329891e-06
7.085427135678392006e+02 4.378517267462538164e-06
7.090452261306533046e+02 4.402954768190919804e-06
7.095477386934672950e+02 4.399535206410733894e-06
7.100502512562813990e+02 4.298979980919390372e-06
7.105527638190955031e+02 4.340828627376128145e-06
7.110552763819094935e+02 4.654705327739547892e-06
7.115577889447235975e+02 4.750264970016571197e-06
7.120603015075377016e+02 4.983069645987843375e-06
7.125628140703518056e+02 5.182686545518599471e-06
7.130653266331657960e+02 5.465173424659871641e-06
7.135678391959799001e+02 5.437456673286129306e-06
7.140703517587940041e+02 5.191169989757813097e-06
7.145728643216079945e+02 4.970461645026693170e-06
7.150753768844220986e+02 4.581271240182530034e-06
7.155778894472362026e+02 4.539841548994174935e-06
7.160804020100501930e+02 4.221376890908707706e-06
7.165829145728642970e+02 4.141166440617560360e-06
7.170854271356784011e+02 3.977258073470030307e-06
7.175879396984925052e+02 3.723727542042674562e-06
7.180904522613064955e+02 3.569325707720125010e-06
7.185929648241205996e+02 3.389980250193597300e-06
7.190954773869347036e+02 3.372838094048137769e-06
7.195979899497486940e+02 3.342492786856401618e-06
7.201005025125627981e+02 3.492383675053942002e-06
7.206030150753769021e+02 3.706692296842353114e-06
7.211055276381910062e+02 3.972380584376377555e-06
7.216080402010049966e+02 4.426267790766622971e-06
7.221105527638191006e+02 5.327199726965864539e-06
7.226130653266332047e+02 6.102962205309091496e-06
7.231155778894471950e+02 6.881777068700714091e-06
7.236180904522612991e+02 7.427769685819739317e-06
7.241206030150754032e+02 7.859259393458808792e-06
7.246231155778893935e+02 8.317264603892660495e-06
7.251256281407034976e+02 8.350121502263484175e-06
7.256281407035176017e+02 8.293131900979205183e-06
7.261306532663317057e+02 8.329318999741614632e-06
7.266331658291456961e+02 8.433098186820202940e-06
7.271356783919598001e+02 8.697721463194121527e-06
7.276381909547739042e+02 8.638703441448200779e-06
7.281407035175878946e+02 8.829611623199506377e-06
7.286432160804019986e+02 8.818840908271332511e-06
7.291457286432161027e+02 8.681216466446334067e-06
7.296482412060302067e+02 8.662118753180931519e-06
7.301507537688441971e+02 8.260630857926867251e-06
7.306532663316583012e+02 7.997858844661197630e-06
7.311557788944724052e+02 7.784865574794541944e-06
7.316582914572863956e+02 7.317493946961072051e-06
7.321608040201004997e+02 6.899290666644290504e-06
7.326633165829146037e+02 6.677674794924247067e-06
7.331658291457285941e+02 6.928151841516053245e-06
7.336683417085426981e+02 7.334145020722960460e-06
7.341708542713568022e+02 8.004582606954541960e-06
7.346733668341707926e+02 8.978257898441107263e-06
7.351758793969848966e+02 9.576834397666306281e-06
7.356783919597990007e+02 1.054869296910081949e-05
7.361809045226131047e+02 1.188783799584400459e-05
7.366834170854270951e+02 1.323359091269906887e-05
7.371859296482411992e+02 1.444503389227563669e-05
7.376884422110553032e+02 1.583601884788832321e-05
7.381909547738692936e+02 1.697693424140268205e-05
7.386934673366833977e+02 1.831374751341160843e-05
7.391959798994975017e+02 1.963728740837182297e-05
7.396984924623116058e+02 2.109565055131221230e-05
7.402010050251255961e+02 2.205816923622001997e-05
7.407035175879397002e+02 2.313810201848203875e-05
7.412060301507538043e+02 2.436254423171123592e-05
7.417085427135677946e+02 2.482757132970183177e-05
7.422110552763818987e+02 2.492373561061962675e-05
7.427135678391960028e+02 2.578092649304157514e-05
7.432160804020099931e+02 2.612406437131916702e-05
7.437185929648240972e+02 2.590328472327068927e-05
7.442211055276382012e+02 2.559515222267431009e-05
7.447236180904523053e+02 2.486557861881191130e-05
7.452261306532662957e+02 2.394446522914705933e-05
7.457286432160803997e+02 2.295617069888165364e-05
7.462311557788945038e+02 2.200558797875248551e-05
7.467336683417084942e+02 2.133932236547167506e-05
7.472361809045225982e+02 2.038152954376198293e-05
7.477386934673367023e+02 1.949693855207088112e-05
7.482412060301508063e+02 1.930329535510319963e-05
7.487437185929647967e+02 2.024134281383049277e-05
7.492462311557789008e+02 2.139762958920077602e-05
7.497487437185930048e+02 2.332877671248794726e-05
7.502512562814069952e+02 2.555963741325950392e-05
7.507537688442210992e+02 2.768297583839863968e-05
7.512562814070352033e+02 3.020569907948018982e-05
7.517587939698491937e+02 3.244853883254918196e-05
7.522613065326632977e+02 3.469080757317563759e-05
7.527638190954774018e+02 3.678430973649843153e-05
7.532663316582913922e+02 3.908020094070727531e-05
7.537688442211054962e+02 4.105317519666795879e-05
7.542713567839196003e+02 4.287436878421428335e-05
7.547738693467337043e+02 4.467460532798516490e-05
7.552763819095476947e+02 4.565306050128049728e-05
7.557788944723617988e+02 4.623073289755461897e-05
7.562814070351759028e+02 4.698060697222769506e-05
7.567839195979898932e+02 4.716408045681708258e-05
7.572864321608039972e+02 4.682082884913114337e-05
7.577889447236181013e+02 4.629745755991291945e-05
7.582914572864322054e+02 4.581046505689668249e-05
7.587939698492461957e+02 4.545725027549492417e-05
7.592964824120602998e+02 4.497203204170614380e-05
7.597989949748744039e+02 4.500690123624637986e-05
7.603015075376883942e+02 4.513151476810898350e-05
7.608040201005024983e+02 4.560309359608855193e-05
7.613065326633166023e+02 4.598117696511263387e-05
7.618090452261305927e+02 4.674572442878627997e-05
7.623115577889446968e+02 4.736484212345415672e-05
7.628140703517588008e+02 4.813330993279623938e-05
7.633165829145729049e+02 4.847518319837374048e-05
7.638190954773868953e+02 4.896909292906428322e-05
7.643216080402009993e+02 4.981434506022605326e-05
7.648241206030151034e+02 5.080015478086005281e-05
7.653266331658290937e+02 5.147794652863443778e-05
7.658291457286431978e+02 5.194363213273887474e-05
7.663316582914573019e+02 5.231037344639497509e-05
7.668341708542714059e+02 5.226339656910381978e-05
7.673366834170853963e+02 5.233627936384910610e-05
7.678391959798995003e+02 5.226575077993740088e-05
7.683417085427136044e+02 5.152367952491528096e-05
7.688442211055275948e+02 5.077819518285333315e-05
7.693467336683416988e+02 5.036158191689977934e-05
7.698492462311558029e+02 4.974841279993124662e-05
7.703517587939697933e+02 4.881430119327604625e-05
7.708542713567838973e+02 4.828864286499602105e-05
7.713567839195980014e+02 4.802931465709558973e-05
7.718592964824119917e+02 4.777275120839885369e-05
7.723618090452260958e+02 4.780225369971020027e-05
7.728643216080401999e+02 4.828321616145225473e-05
7.733668341708543039e+02 4.882829846652050838e-05
7.738693467336682943e+02 4.943361342500932114e-05
7.743718592964823983e+02 4.979329111970105473e-05
7.748743718592965024e+02 4.980782598459937454e-05
7.753768844221106065e+02 4.976338182979567768e-05
7.758793969849245968e+02 4.970219165654992359e-05
7.763819095477387009e+02 4.985716209352904975e-05
7.768844221105528050e+02 5.009958090974457227e-05
7.773869346733667953e+02 4.982665586145835075e-05
7.778894472361808994e+02 4.958193856132340566e-05
7.783919597989950034e+02 4.891766154647004920e-05
7.788944723618089938e+02 4.821448295996253212e-05
7.793969849246230979e+02 4.765959612519388459e-05
7.798994974874372019e+02 4.745586499431194170e-05
7.804020100502511923e+02 4.777865034564269072e-05
7.809045226130652964e+02 4.852265973286472712e-05
7.814070351758794004e+02 4.926886804931238556e-05
7.819095477386935045e+02 5.040822511663813565e-05
7.824120603015074948e+02 5.199983915351987304e-05
7.829145728643215989e+02 5.418398613050976923e-05
7.834170854271357030e+02 5.662336584690073719e-05
7.839195979899496933e+02 5.909125906096979988e-05
7.844221105527637974e+02 6.149495200831528376e-05
7.849246231155779014e+02 6.346569746446735515e-05
7.854271356783920055e+02 6.487634200396827052e-05
7.859296482412059959e+02 6.596365387943430014e-05
7.864321608040200999e+02 6.649939867036507317e-05
7.869346733668342040e+02 6.655189887933760150e-05
7.874371859296481944e+02 6.613842953567351855e-05
7.879396984924622984e+02 6.530147400072274985e-05
7.884422110552764025e+02 6.395191330064348460e-05
7.889447236180903928e+02 6.306911332601139182e-05
7.894472361809044969e+02 6.276553339024401417e-05
7.899497487437186010e+02 6.242025814940574391e-05
7.904522613065325913e+02 6.207007153333613284e-05
7.909547738693466954e+02 6.211348037530305957e-05
7.914572864321607994e+02 6.296705284743085382e-05
7.919597989949749035e+02 6.439170680594249660e-05
7.924623115577888939e+02 6.601211976037459517e-05
7.929648241206029979e+02 6.752652829139553720e-05
7.934673366834171020e+02 6.860972481992346167e-05
7.939698492462312061e+02 6.952579514564295542e-05
7.944723618090451964e+02 6.949245966679511069e-05
7.949748743718593005e+02 6.879253975467254493e-05
7.954773869346734045e+02 6.753946232110660103e-05
7.959798994974873949e+02 6.557125449225277819e-05
7.964824120603014990e+02 6.293335779169765220e-05
7.969849246231156030e+02 5.949928547335024795e-05
7.974874371859295934e+02 5.540287768425123440e-05
7.979899497487436975e+02 5.008568200790492955e-05
7.984924623115578015e+02 4.405115776804791608e-05
7.989949748743717919e+02 3.711893542005830616e-05
7.994974874371858959e+02 2.984287506309311606e-05
8.000000000000000000e+02 2.190596052356380804e-05
