7.000000000000000000e+02 1.923207808871644353e-05
7.005025125628141041e+02 1.942944545388478381e-05
7.010050251256280944e+02 1.955008623756008632e-05
7.015075376884421985e+02 1.966851386630748559e-05
7.020100502512563025e+02 1.973939416284292743e-05
7.025125628140704066e+02 1.979814007322919548e-05
7.030150753768843970e+02 2.004396328062909864e-05
7.035175879396985010e+02 2.014165767686558296e-05
7.040201005025126051e+02 2.015064558898701914e-05
7.045226130653265955e+02 2.015887402319896859e-05
7.050251256281406995e+02 2.014916911065517332e-05
7.055276381909548036e+02 2.020347753596846710e-05
7.060301507537687939e+02 2.026674141692026462e-05
7.065326633165828980e+02 2.036115929324210701e-05
7.070351758793970021e+02 2.037546192462748575e-05
7.075376884422111061e+02 2.031799948050580395e-05
7.080402010050250965e+02 2.035142287580323092e-05
7.085427135678392006e+02 2.029796292324312446e-05
7.090452261306533046e+02 2.035679406316542365e-05
7.095477386934672950e+02 2.039598071240419688e-05
7.100502512562813990e+02 2.022014695881729028e-05
7.105527638190955031e+02 2.025494621906853162e-05
7.110552763819094935e+02 2.029823105117047638e-05
7.115577889447235975e+02 2.016600010022144963e-05
7.120603015075377016e+02 2.013863257792658341e-05
7.125628140703518056e+02 2.013840786619688404e-05
7.130653266331657960e+02 2.004065249585820825e-05
7.135678391959799001e+02 1.989141554507700948e-05
7.140703517587940041e+02 1.963364617474069510e-05
7.145728643216079945e+02 1.947204606900737619e-05
7.150753768844220986e+02 1.922199145994632933e-05
7.155778894472362026e+02 1.919857363809680630e-05
7.160804020100501930e+02 1.905966962279678520e-05
7.165829145728642970e+02 1.897940241187565449e-05
7.170854271356784011e+02 1.908534519437223993e-05
7.175879396984925052e+02 1.902959401298273670e-05
7.180904522613064955e+02 1.900824861230322776e-05
7.185929648241205996e+02 1.873301511462964917e-05
7.190954773869347036e+02 1.862706472664732722e-05
7.195979899497486940e+02 1.862790628714354035e-05
7.201005025125627981e+02 1.856023411000625793e-05
7.206030150753769021e+02 1.852394771948188699e-05
7.211055276381910062e+02 1.854750501302040942e-05
7.216080402010049966e+02 1.846616022177856550e-05
7.221105527638191006e+02 1.852336503370872355e-05
7.226130653266332047e+02 1.864169070258518723e-05
7.231155778894471950e+02 1.872529426973039350e-05
7.236180904522612991e+02 1.878391117004294322e-05
7.241206030150754032e+02 1.889668356142913298e-05
7.246231155778893935e+02 1.915867608255170676e-05
7.251256281407034976e+02 1.909884055041614128e-05
7.256281407035176017e+02 1.897952293269915614e-05
7.261306532663317057e+02 1.887473176865742794e-05
7.266331658291456961e+02 1.882528705815469559e-05
7.271356783919598001e+02 1.875804716180052924e-05
7.276381909547739042e+02 1.861300139506074625e-05
7.281407035175878946e+02 1.855599952020970655e-05
7.286432160804019986e+02 1.840942829139130096e-05
7.291457286432161027e+02 1.833888693790477288e-05
7.296482412060302067e+02 1.834750652243288618e-05
7.301507537688441971e+02 1.834664575877028583e-05
7.306532663316583012e+02 1.825141425992576934e-05
7.311557788944724052e+02 1.830590913423445600e-05
7.316582914572863956e+02 1.831932511052120215e-05
7.321608040201004997e+02 1.819615176204318564e-05
7.326633165829146037e+02 1.815890156483190924e-05
7.331658291457285941e+02 1.815002657633183080e-05
7.336683417085426981e+02 1.826619453328739499e-05
7.341708542713568022e+02 1.853792872104087643e-05
7.346733668341707926e+02 1.911749288764104095e-05
7.351758793969848966e+02 1.956252131565584218e-05
7.356783919597990007e+02 2.002870962992469599e-05
7.361809045226131047e+02 2.067671630690984068e-05
7.366834170854270951e+02 2.131907682587879228e-05
7.371859296482411992e+02 2.175707726879921343e-05
7.376884422110553032e+02 2.226461726348931725e-05
7.381909547738692936e+02 2.237857252000574010e-05
7.386934673366833977e+02 2.244617687995042264e-05
7.391959798994975017e+02 2.230152648901433742e-05
7.396984924623116058e+02 2.213697578992950953e-05
7.402010050251255961e+02 2.172215350553028450e-05
7.407035175879397002e+02 2.150393231396548104e-05
7.412060301507538043e+02 2.118025507288930409e-05
7.417085427135677946e+02 2.049943653377001314e-05
7.422110552763818987e+02 1.990258743397036378e-05
7.427135678391960028e+02 1.970925388069494724e-05
7.432160804020099931e+02 1.942638019510602935e-05
7.437185929648240972e+02 1.911857906991191693e-05
7.442211055276382012e+02 1.851537218554036383e-05
7.447236180904523053e+02 1.800247342960998662e-05
7.452261306532662957e+02 1.767856508596320680e-05
7.457286432160803997e+02 1.767814818070613839e-05
7.462311557788945038e+02 1.784767660089745772e-05
7.467336683417084942e+02 1.842392807487131388e-05
7.472361809045225982e+02 1.922264030117244485e-05
7.477386934673367023e+02 2.043596540166050935e-05
7.482412060301508063e+02 2.194106317771529944e-05
7.487437185929647967e+02 2.402174508632306279e-05
7.492462311557789008e+02 2.582645951194354066e-05
7.497487437185930048e+02 2.806008489485062915e-05
7.502512562814069952e+02 3.022802733967902254e-05
7.507537688442210992e+02 3.190303986680784892e-05
7.512562814070352033e+02 3.364859149476857045e-05
7.517587939698491937e+02 3.490926858566879555e-05
7.522613065326632977e+02 3.591705089879130745e-05
7.527638190954774018e+02 3.654006262043460045e-05
7.532663316582913922e+02 3.694244043559206329e-05
7.537688442211054962e+02 3.694421950366516690e-05
7.542713567839196003e+02 3.688933295521613101e-05
7.547738693467337043e+02 3.649633427958478416e-05
7.552763819095476947e+02 3.568639153533676898e-05
7.557788944723617988e+02 3.405305779275123723e-05
7.562814070351759028e+02 3.261743509422410721e-05
7.567839195979898932e+02 3.083590187933169256e-05
7.572864321608039972e+02 2.843242325546203875e-05
7.577889447236181013e+02 2.579711449254366084e-05
7.582914572864322054e+02 2.349157556746210866e-05
7.587939698492461957e+02 2.173907295802651838e-05
7.592964824120602998e+02 2.066190629089577214e-05
7.597989949748744039e+02 2.069086436050984000e-05
7.603015075376883942e+02 2.238399884990281585e-05
7.608040201005024983e+02 2.511902279964644600e-05
7.613065326633166023e+02 2.843004571909799584e-05
7.618090452261305927e+02 3.196905370798305303e-05
7.623115577889446968e+02 3.547701515387069096e-05
7.628140703517588008e+02 3.897529244681020914e-05
7.633165829145729049e+02 4.207441994577213037e-05
7.638190954773868953e+02 4.500560440620450845e-05
7.643216080402009993e+02 4.793281496872562312e-05
7.648241206030151034e+02 5.054456616197583794e-05
7.653266331658290937e+02 5.251040396841245633e-05
7.658291457286431978e+02 5.400821793461230732e-05
7.663316582914573019e+02 5.492642119278289692e-05
7.668341708542714059e+02 5.517302434826318070e-05
7.673366834170853963e+02 5.530292171382649222e-05
7.678391959798995003e+02 5.506890586491205525e-05
7.683417085427136044e+02 5.393783504256794526e-05
7.688442211055275948e+02 5.261480322107567852e-05
7.693467336683416988e+02 5.153304870904045241e-05
7.698492462311558029e+02 5.009590589848966644e-05
7.703517587939697933e+02 4.811959426628093731e-05
7.708542713567838973e+02 4.651969312546441277e-05
7.713567839195980014e+02 4.517605688852250039e-05
7.718592964824119917e+02 4.412902934109674905e-05
7.723618090452260958e+02 4.336091595630464391e-05
7.728643216080401999e+02 4.329579966442295426e-05
7.733668341708543039e+02 4.337094533931241150e-05
7.738693467336682943e+02 4.367429469218425870e-05
7.743718592964823983e+02 4.453687117831294889e-05
7.748743718592965024e+02 4.532507046984526124e-05
7.753768844221106065e+02 4.587951137247105985e-05
7.758793969849245968e+02 4.647181012404848183e-05
7.763819095477387009e+02 4.758622209592096070e-05
7.768844221105528050e+02 4.883858531462488854e-05
7.773869346733667953e+02 4.949022645105518209e-05
7.778894472361808994e+02 4.983555284315396638e-05
7.783919597989950034e+02 4.973590925907598134e-05
7.788944723618089938e+02 4.952837540103408124e-05
7.793969849246230979e+02 4.936575072426809571e-05
7.798994974874372019e+02 4.931422933013044973e-05
7.804020100502511923e+02 4.954424198409875278e-05
7.809045226130652964e+02 5.013980443808208764e-05
7.814070351758794004e+02 5.072861510204709578e-05
7.819095477386935045e+02 5.156963914427279940e-05
7.824120603015074948e+02 5.289039709674679825e-05
7.829145728643215989e+02 5.488533026406575686e-05
7.834170854271357030e+02 5.702499897977503614e-05
7.839195979899496933e+02 5.909743187877084403e-05
7.844221105527637974e+02 6.113197821470064291e-05
7.849246231155779014e+02 6.286347049311815012e-05
7.854271356783920055e+02 6.407279540144696973e-05
7.859296482412059959e+02 6.481022836988494429e-05
7.864321608040200999e+02 6.486187728214054245e-05
7.869346733668342040e+02 6.432361721893962785e-05
7.874371859296481944e+02 6.330686995828538907e-05
7.879396984924622984e+02 6.191066413194195445e-05
7.884422110552764025e+02 5.975092214253145136e-05
7.889447236180903928e+02 5.793559499272113526e-05
7.894472361809044969e+02 5.665547044345672478e-05
7.899497487437186010e+02 5.539506703208541558e-05
7.904522613065325913e+02 5.435206185115533216e-05
7.909547738693466954e+02 5.368145890644659886e-05
7.914572864321607994e+02 5.398054455601687158e-05
7.919597989949749035e+02 5.499217855107461250e-05
7.924623115577888939e+02 5.651667970621702968e-05
7.929648241206029979e+02 5.829205819487822093e-05
7.934673366834171020e+02 6.019274299964153039e-05
7.939698492462312061e+02 6.207041890031072715e-05
7.944723618090451964e+02 6.304664570095485493e-05
7.949748743718593005e+02 6.334346493023460412e-05
7.954773869346734045e+02 6.315627126325635372e-05
7.959798994974873949e+02 6.214267054215007365e-05
7.964824120603014990e+02 6.032579772325427045e-05
7.969849246231156030e+02 5.779472989712565256e-05
7.974874371859295934e+02 5.457887748254251743e-05
7.979899497487436975e+02 5.006895097620499849e-05
7.984924623115578015e+02 4.481539971906906613e-05
7.989949748743717919e+02 3.865642898669123951e-05
7.994974874371858959e+02 3.207432709840777897e-05
8.000000000000000000e+02 2.505967146204407959e-05
