7.000000000000000000e+02 2.192604888560199732e-05
7.005025125628141041e+02 2.197449836383433120e-05
7.010050251256280944e+02 2.198791937661925984e-05
7.015075376884421985e+02 2.205956248940842772e-05
7.020100502512563025e+02 2.211334668241114157e-05
7.025125628140704066e+02 2.213214409607359542e-05
7.030150753768843970e+02 2.228928248544555720e-05
7.035175879396985010e+02 2.244523341522833767e-05
7.040201005025126051e+02 2.254972239217441698e-05
7.045226130653265955e+02 2.260955231384704188e-05
7.050251256281406995e+02 2.274514536047775066e-05
7.055276381909548036e+02 2.286011953703248533e-05
7.060301507537687939e+02 2.297281517281589270e-05
7.065326633165828980e+02 2.299467210889325329e-05
7.070351758793970021e+02 2.302772619094527957e-05
7.075376884422111061e+02 2.287317410305823647e-05
7.080402010050250965e+02 2.271598216415847304e-05
7.085427135678392006e+02 2.260100727330102675e-05
7.090452261306533046e+02 2.254029155656692875e-05
7.095477386934672950e+02 2.241704948138411766e-05
7.100502512562813990e+02 2.214018663446609239e-05
7.105527638190955031e+02 2.205171511585944538e-05
7.110552763819094935e+02 2.217517905848156697e-05
7.115577889447235975e+02 2.209999373468872724e-05
7.120603015075377016e+02 2.213856071202384979e-05
7.125628140703518056e+02 2.215854681480817901e-05
7.130653266331657960e+02 2.207025917856430880e-05
7.135678391959799001e+02 2.182475943593158055e-05
7.140703517587940041e+02 2.156579154214122355e-05
7.145728643216079945e+02 2.126193561771539853e-05
7.150753768844220986e+02 2.095921028715507029e-05
7.155778894472362026e+02 2.086947743267128475e-05
7.160804020100501930e+02 2.068789391903467438e-05
7.165829145728642970e+02 2.063446897680836555e-05
7.170854271356784011e+02 2.058464058785264812e-05
7.175879396984925052e+02 2.049354665591110157e-05
7.180904522613064955e+02 2.038127223865586384e-05
7.185929648241205996e+02 2.022482721845038706e-05
7.190954773869347036e+02 2.017424019117008814e-05
7.195979899497486940e+02 2.006381314963192239e-05
7.201005025125627981e+02 1.984161734652155793e-05
7.206030150753769021e+02 1.962381407609181062e-05
7.211055276381910062e+02 1.943381778172050675e-05
7.216080402010049966e+02 1.922098506440438740e-05
7.221105527638191006e+02 1.907467505009191282e-05
7.226130653266332047e+02 1.898336652460573139e-05
7.231155778894471950e+02 1.897145499549162965e-05
7.236180904522612991e+02 1.897705948720793988e-05
7.241206030150754032e+02 1.896394317283855429e-05
7.246231155778893935e+02 1.901952603722490003e-05
7.251256281407034976e+02 1.896284406503304955e-05
7.256281407035176017e+02 1.887188164036372780e-05
7.261306532663317057e+02 1.881865911441981710e-05
7.266331658291456961e+02 1.877822170545653330e-05
7.271356783919598001e+02 1.871446047276193822e-05
7.276381909547739042e+02 1.866801849641865196e-05
7.281407035175878946e+02 1.855180811133850600e-05
7.286432160804019986e+02 1.845608518858458090e-05
7.291457286432161027e+02 1.837843854329833076e-05
7.296482412060302067e+02 1.837531082415743414e-05
7.301507537688441971e+02 1.843267667820680736e-05
7.306532663316583012e+02 1.847855976164878788e-05
7.311557788944724052e+02 1.847124992700403592e-05
7.316582914572863956e+02 1.840488775463341802e-05
7.321608040201004997e+02 1.843770493591505085e-05
7.326633165829146037e+02 1.849605305796341538e-05
7.331658291457285941e+02 1.863084823855033198e-05
7.336683417085426981e+02 1.884255093608301995e-05
7.341708542713568022e+02 1.910054587587689678e-05
7.346733668341707926e+02 1.943871135368737307e-05
7.351758793969848966e+02 1.957058590556321623e-05
7.356783919597990007e+02 1.983868501787349899e-05
7.361809045226131047e+02 2.030313309093255026e-05
7.366834170854270951e+02 2.071199500091269212e-05
7.371859296482411992e+02 2.099135499483457002e-05
7.376884422110553032e+02 2.127895630976134171e-05
7.381909547738692936e+02 2.123515068221240709e-05
7.386934673366833977e+02 2.104315114082556127e-05
7.391959798994975017e+02 2.070959552095510731e-05
7.396984924623116058e+02 2.036832393809030270e-05
7.402010050251255961e+02 1.994600317912031585e-05
7.407035175879397002e+02 1.965853479769687754e-05
7.412060301507538043e+02 1.920728047540060625e-05
7.417085427135677946e+02 1.871740581377527777e-05
7.422110552763818987e+02 1.830708889958146534e-05
7.427135678391960028e+02 1.815498169681975120e-05
7.432160804020099931e+02 1.801269501438580514e-05
7.437185929648240972e+02 1.788184237042854849e-05
7.442211055276382012e+02 1.761965114431541968e-05
7.447236180904523053e+02 1.752936815175595194e-05
7.452261306532662957e+02 1.754693765178826577e-05
7.457286432160803997e+02 1.781288005085721217e-05
7.462311557788945038e+02 1.820909779922458827e-05
7.467336683417084942e+02 1.882950502260216302e-05
7.472361809045225982e+02 1.957260582188508110e-05
7.477386934673367023e+02 2.069182268556086186e-05
7.482412060301508063e+02 2.187440775639430730e-05
7.487437185929647967e+02 2.345143686361677386e-05
7.492462311557789008e+02 2.473528489928183551e-05
7.497487437185930048e+02 2.620667773583610662e-05
7.502512562814069952e+02 2.753513046902499796e-05
7.507537688442210992e+02 2.852079704863050766e-05
7.512562814070352033e+02 2.957395190316126132e-05
7.517587939698491937e+02 3.012261686083975945e-05
7.522613065326632977e+02 3.043171012218771397e-05
7.527638190954774018e+02 3.044374172646939809e-05
7.532663316582913922e+02 3.013592113533690976e-05
7.537688442211054962e+02 2.951944793480898533e-05
7.542713567839196003e+02 2.905649675812466701e-05
7.547738693467337043e+02 2.830259356435374280e-05
7.552763819095476947e+02 2.735346393912956267e-05
7.557788944723617988e+02 2.571474191618164924e-05
7.562814070351759028e+02 2.426542750826143931e-05
7.567839195979898932e+02 2.275242568210221637e-05
7.572864321608039972e+02 2.114612395629781249e-05
7.577889447236181013e+02 1.970432051177238556e-05
7.582914572864322054e+02 1.910245365917341665e-05
7.587939698492461957e+02 1.957873812529336771e-05
7.592964824120602998e+02 2.084182053009526052e-05
7.597989949748744039e+02 2.306096869279248009e-05
7.603015075376883942e+02 2.634627460497174188e-05
7.608040201005024983e+02 2.996480271297596694e-05
7.613065326633166023e+02 3.350642359861912706e-05
7.618090452261305927e+02 3.700829920165040290e-05
7.623115577889446968e+02 4.023358171378665698e-05
7.628140703517588008e+02 4.326188245112376837e-05
7.633165829145729049e+02 4.559577471978504796e-05
7.638190954773868953e+02 4.772601371100244325e-05
7.643216080402009993e+02 4.979884287976490568e-05
7.648241206030151034e+02 5.152896786161610736e-05
7.653266331658290937e+02 5.254664266837670811e-05
7.658291457286431978e+02 5.293511817450639525e-05
7.663316582914573019e+02 5.291419401050030078e-05
7.668341708542714059e+02 5.215505610241359262e-05
7.673366834170853963e+02 5.135187514492511163e-05
7.678391959798995003e+02 5.029965830543197026e-05
7.683417085427136044e+02 4.821853270746819599e-05
7.688442211055275948e+02 4.607682123690956880e-05
7.693467336683416988e+02 4.424335622644483631e-05
7.698492462311558029e+02 4.202420309297724617e-05
7.703517587939697933e+02 3.949417543818316457e-05
7.708542713567838973e+02 3.752873296245357287e-05
7.713567839195980014e+02 3.626265004016674705e-05
7.718592964824119917e+02 3.562006319312824195e-05
7.723618090452260958e+02 3.550272160338760512e-05
7.728643216080401999e+02 3.641995977699593462e-05
7.733668341708543039e+02 3.765536723691250147e-05
7.738693467336682943e+02 3.910096403590551526e-05
7.743718592964823983e+02 4.099901706153015192e-05
7.748743718592965024e+02 4.286482732791666635e-05
7.753768844221106065e+02 4.424463820736892952e-05
7.758793969849245968e+02 4.555519765000736349e-05
7.763819095477387009e+02 4.723590670973939202e-05
7.768844221105528050e+02 4.892142675403659012e-05
7.773869346733667953e+02 4.990957222382104045e-05
7.778894472361808994e+02 5.057041526637447458e-05
7.783919597989950034e+02 5.056761235319390062e-05
7.788944723618089938e+02 5.033208734508722975e-05
7.793969849246230979e+02 5.006975003298333709e-05
7.798994974874372019e+02 4.992129820979773546e-05
7.804020100502511923e+02 5.016321893269905111e-05
7.809045226130652964e+02 5.080818532132063206e-05
7.814070351758794004e+02 5.137445333223631256e-05
7.819095477386935045e+02 5.222865954817438504e-05
7.824120603015074948e+02 5.352724284722075779e-05
7.829145728643215989e+02 5.544801827488846053e-05
7.834170854271357030e+02 5.759701025569532486e-05
7.839195979899496933e+02 5.974854468618458827e-05
7.844221105527637974e+02 6.182931373816177303e-05
7.849246231155779014e+02 6.350528915380807102e-05
7.854271356783920055e+02 6.466322474887918961e-05
7.859296482412059959e+02 6.541009930803866573e-05
7.864321608040200999e+02 6.548543012251864385e-05
7.869346733668342040e+02 6.503440004947863876e-05
7.874371859296481944e+02 6.416840950524046723e-05
7.879396984924622984e+02 6.300222884897067530e-05
7.884422110552764025e+02 6.111771435040329770e-05
7.889447236180903928e+02 5.969877671355450650e-05
7.894472361809044969e+02 5.889884747316313584e-05
7.899497487437186010e+02 5.816915587701624213e-05
7.904522613065325913e+02 5.775135936551468492e-05
7.909547738693466954e+02 5.773926568678923720e-05
7.914572864321607994e+02 5.888299626836715044e-05
7.919597989949749035e+02 6.046262691213702840e-05
7.924623115577888939e+02 6.246484576230432466e-05
7.929648241206029979e+02 6.465438072074606158e-05
7.934673366834171020e+02 6.675096011753172591e-05
7.939698492462312061e+02 6.868101414778009022e-05
7.944723618090451964e+02 6.955622300655271413e-05
7.949748743718593005e+02 6.966164347256189194e-05
7.954773869346734045e+02 6.918264700341569004e-05
7.959798994974873949e+02 6.779861200012294632e-05
7.964824120603014990e+02 6.563675814444314604e-05
7.969849246231156030e+02 6.258115772346590946e-05
7.974874371859295934e+02 5.877951740931013368e-05
7.979899497487436975e+02 5.376107086758364766e-05
7.984924623115578015e+02 4.792261565226160579e-05
7.989949748743717919e+02 4.123260610762199914e-05
7.994974874371858959e+02 3.437935271128424218e-05
8.000000000000000000e+02 2.721867487843770649e-05
