7.000000000000000000e+02 6.624989610886290357e-05
7.005025125628141041e+02 6.459616262438256404e-05
7.010050251256280944e+02 6.297335878560698626e-05
7.015075376884421985e+02 6.138239430662894972e-05
7.020100502512563025e+02 5.984943369545637446e-05
7.025125628140704066e+02 5.832112808615053145e-05
7.030150753768843970e+02 5.683262392789374635e-05
7.035175879396985010e+02 5.540430796749606880e-05
7.040201005025126051e+02 5.400926134056793781e-05
7.045226130653265955e+02 5.265857102133468466e-05
7.050251256281406995e+02 5.135915709466685200e-05
7.055276381909548036e+02 5.006907292767369053e-05
7.060301507537687939e+02 4.882951690244436652e-05
7.065326633165828980e+02 4.765409749023349141e-05
7.070351758793970021e+02 4.650150689752654464e-05
7.075376884422111061e+02 4.537279132433181817e-05
7.080402010050250965e+02 4.427625045022164519e-05
7.085427135678392006e+02 4.321720367694813350e-05
7.090452261306533046e+02 4.216686351477477664e-05
7.095477386934672950e+02 4.117556479476581783e-05
7.100502512562813990e+02 4.022146398448406664e-05
7.105527638190955031e+02 3.930703327854787418e-05
7.110552763819094935e+02 3.846745516251525219e-05
7.115577889447235975e+02 3.769364378078063089e-05
7.120603015075377016e+02 3.691678633676955982e-05
7.125628140703518056e+02 3.612264659524969102e-05
7.130653266331657960e+02 3.539171151536716660e-05
7.135678391959799001e+02 3.470987563684347249e-05
7.140703517587940041e+02 3.406435207950767665e-05
7.145728643216079945e+02 3.348591412720766110e-05
7.150753768844220986e+02 3.294653028892276464e-05
7.155778894472362026e+02 3.244046057235339592e-05
7.160804020100501930e+02 3.198308904697307135e-05
7.165829145728642970e+02 3.156822816546107306e-05
7.170854271356784011e+02 3.118471965143350893e-05
7.175879396984925052e+02 3.084209744795345462e-05
7.180904522613064955e+02 3.053930970427069948e-05
7.185929648241205996e+02 3.026893528606983648e-05
7.190954773869347036e+02 3.001271728268881103e-05
7.195979899497486940e+02 2.982203799116370558e-05
7.201005025125627981e+02 2.963652713744552620e-05
7.206030150753769021e+02 2.945594971806583272e-05
7.211055276381910062e+02 2.933183145740596783e-05
7.216080402010049966e+02 2.922161753463907636e-05
7.221105527638191006e+02 2.912926913603878457e-05
7.226130653266332047e+02 2.908401552407683405e-05
7.231155778894471950e+02 2.907908551398815058e-05
7.236180904522612991e+02 2.902970958014325920e-05
7.241206030150754032e+02 2.896695993240783085e-05
7.246231155778893935e+02 2.896442547719061547e-05
7.251256281407034976e+02 2.898128977148962918e-05
7.256281407035176017e+02 2.901610027597606163e-05
7.261306532663317057e+02 2.905811688573115782e-05
7.266331658291456961e+02 2.913155673945499284e-05
7.271356783919598001e+02 2.920933816936545986e-05
7.276381909547739042e+02 2.928644563794486773e-05
7.281407035175878946e+02 2.936538707554515708e-05
7.286432160804019986e+02 2.942857630086021000e-05
7.291457286432161027e+02 2.953405326761461880e-05
7.296482412060302067e+02 2.965202119307283989e-05
7.301507537688441971e+02 2.979844786373914858e-05
7.306532663316583012e+02 2.995733101676805406e-05
7.311557788944724052e+02 3.009687331077061083e-05
7.316582914572863956e+02 3.017086538150702793e-05
7.321608040201004997e+02 3.022742525674711756e-05
7.326633165829146037e+02 3.032373947436028941e-05
7.331658291457285941e+02 3.043987522910796659e-05
7.336683417085426981e+02 3.056638670053965035e-05
7.341708542713568022e+02 3.066422967737710269e-05
7.346733668341707926e+02 3.073484684027320596e-05
7.351758793969848966e+02 3.082144220962342675e-05
7.356783919597990007e+02 3.092905267612672027e-05
7.361809045226131047e+02 3.102291780931198554e-05
7.366834170854270951e+02 3.112052177361395968e-05
7.371859296482411992e+02 3.122667397720613934e-05
7.376884422110553032e+02 3.134509695013838667e-05
7.381909547738692936e+02 3.148640307973457793e-05
7.386934673366833977e+02 3.156912361015733610e-05
7.391959798994975017e+02 3.164109713863477979e-05
7.396984924623116058e+02 3.167110270460494792e-05
7.402010050251255961e+02 3.169927162129436107e-05
7.407035175879397002e+02 3.173129374853602569e-05
7.412060301507538043e+02 3.174460421900185105e-05
7.417085427135677946e+02 3.177884498838437071e-05
7.422110552763818987e+02 3.180721569616564950e-05
7.427135678391960028e+02 3.180800752248786576e-05
7.432160804020099931e+02 3.179195788459496778e-05
7.437185929648240972e+02 3.175802294934214370e-05
7.442211055276382012e+02 3.175064340216378762e-05
7.447236180904523053e+02 3.176519943474618164e-05
7.452261306532662957e+02 3.178172569582077056e-05
7.457286432160803997e+02 3.182814479793071304e-05
7.462311557788945038e+02 3.185281211254452962e-05
7.467336683417084942e+02 3.181723576256246459e-05
7.472361809045225982e+02 3.181450483784102975e-05
7.477386934673367023e+02 3.184212584145292425e-05
7.482412060301508063e+02 3.181804267473952130e-05
7.487437185929647967e+02 3.169048054166326121e-05
7.492462311557789008e+02 3.150879650805518104e-05
7.497487437185930048e+02 3.135212473167943995e-05
7.502512562814069952e+02 3.122993712896106962e-05
7.507537688442210992e+02 3.111107912926999107e-05
7.512562814070352033e+02 3.100427467450580658e-05
7.517587939698491937e+02 3.092343303355489140e-05
7.522613065326632977e+02 3.084201061156283742e-05
7.527638190954774018e+02 3.074638426027820559e-05
7.532663316582913922e+02 3.063065356565307731e-05
7.537688442211054962e+02 3.053328754472973337e-05
7.542713567839196003e+02 3.043108796980847409e-05
7.547738693467337043e+02 3.031557612000796264e-05
7.552763819095476947e+02 3.022513883334536269e-05
7.557788944723617988e+02 3.010517447375800240e-05
7.562814070351759028e+02 2.997304158622728253e-05
7.567839195979898932e+02 2.983841437509656747e-05
7.572864321608039972e+02 2.973438366437388490e-05
7.577889447236181013e+02 2.963106466258297791e-05
7.582914572864322054e+02 2.950869635550837442e-05
7.587939698492461957e+02 2.940168899528770497e-05
7.592964824120602998e+02 2.933141289043384947e-05
7.597989949748744039e+02 2.933131243379689999e-05
7.603015075376883942e+02 2.940801790316911748e-05
7.608040201005024983e+02 2.959168848166337162e-05
7.613065326633166023e+02 2.993465826195034469e-05
7.618090452261305927e+02 3.041639268054886929e-05
7.623115577889446968e+02 3.113641104684544751e-05
7.628140703517588008e+02 3.201232673670009190e-05
7.633165829145729049e+02 3.287132488215280062e-05
7.638190954773868953e+02 3.369658648664920726e-05
7.643216080402009993e+02 3.504389735270442791e-05
7.648241206030151034e+02 3.656858210804110387e-05
7.653266331658290937e+02 3.799421359648291735e-05
7.658291457286431978e+02 3.909076598417718959e-05
7.663316582914573019e+02 4.012388841584971856e-05
7.668341708542714059e+02 4.088444687335067115e-05
7.673366834170853963e+02 4.126348662883636958e-05
7.678391959798995003e+02 4.124751187004473634e-05
7.683417085427136044e+02 4.109520908090038492e-05
7.688442211055275948e+02 4.069176477333351561e-05
7.693467336683416988e+02 4.043997250809544677e-05
7.698492462311558029e+02 3.967893529082099644e-05
7.703517587939697933e+02 3.872155197272607519e-05
7.708542713567838973e+02 3.733516666721678527e-05
7.713567839195980014e+02 3.564296982557491858e-05
7.718592964824119917e+02 3.403526654363705806e-05
7.723618090452260958e+02 3.247529840716094346e-05
7.728643216080401999e+02 3.086200335699576281e-05
7.733668341708543039e+02 2.951481689843181230e-05
7.738693467336682943e+02 2.868195314378778210e-05
7.743718592964823983e+02 2.859939965528163195e-05
7.748743718592965024e+02 2.955577394608460942e-05
7.753768844221106065e+02 3.170974512149034433e-05
7.758793969849245968e+02 3.472664967810299466e-05
7.763819095477387009e+02 3.847656444913225942e-05
7.768844221105528050e+02 4.266134255126819097e-05
7.773869346733667953e+02 4.680169119748892823e-05
7.778894472361808994e+02 5.115963059882631280e-05
7.783919597989950034e+02 5.568143879933431546e-05
7.788944723618089938e+02 6.001584243539511169e-05
7.793969849246230979e+02 6.377600158571053348e-05
7.798994974874372019e+02 6.698870172302495945e-05
7.804020100502511923e+02 6.994576224481477476e-05
7.809045226130652964e+02 7.230858228753112590e-05
7.814070351758794004e+02 7.389086579676135060e-05
7.819095477386935045e+02 7.496100414898123731e-05
7.824120603015074948e+02 7.541632578658646706e-05
7.829145728643215989e+02 7.483832717043702729e-05
7.834170854271357030e+02 7.362476589387987756e-05
7.839195979899496933e+02 7.181367817193016459e-05
7.844221105527637974e+02 6.963661510013798776e-05
7.849246231155779014e+02 6.658081550398242058e-05
7.854271356783920055e+02 6.291640697675244761e-05
7.859296482412059959e+02 5.909472840441711916e-05
7.864321608040200999e+02 5.528665880146136735e-05
7.869346733668342040e+02 5.148939806249114645e-05
7.874371859296481944e+02 4.826437803536490429e-05
7.879396984924622984e+02 4.571406743046160136e-05
7.884422110552764025e+02 4.363788330709072902e-05
7.889447236180903928e+02 4.242371549574745835e-05
7.894472361809044969e+02 4.224422788669153641e-05
7.899497487437186010e+02 4.320679470783130672e-05
7.904522613065325913e+02 4.524911658728673366e-05
7.909547738693466954e+02 4.800098433407756635e-05
7.914572864321607994e+02 5.149490905167606914e-05
7.919597989949749035e+02 5.526607028149884418e-05
7.924623115577888939e+02 5.891192605960375556e-05
7.929648241206029979e+02 6.193228485536218764e-05
7.934673366834171020e+02 6.460640628146272109e-05
7.939698492462312061e+02 6.698366553952490464e-05
7.944723618090451964e+02 6.858797474641350719e-05
7.949748743718593005e+02 6.971426267151358566e-05
7.954773869346734045e+02 7.008685171468328427e-05
7.959798994974873949e+02 6.967672441492389580e-05
7.964824120603014990e+02 6.886142365694192908e-05
7.969849246231156030e+02 6.790918343507245985e-05
7.974874371859295934e+02 6.647123145668521957e-05
7.979899497487436975e+02 6.486315320509675371e-05
7.984924623115578015e+02 6.352152768698478313e-05
7.989949748743717919e+02 6.247544839098986586e-05
7.994974874371858959e+02 6.173726043698741443e-05
8.000000000000000000e+02 6.133414979708109028e-05
