7.000000000000000000e+02 5.443474431055195456e-05
7.005025125628141041e+02 5.306823699183778293e-05
7.010050251256280944e+02 5.174033447066041957e-05
7.015075376884421985e+02 5.044122819188167093e-05
7.020100502512563025e+02 4.916561259825230488e-05
7.025125628140704066e+02 4.792267150939633958e-05
7.030150753768843970e+02 4.669598693286138280e-05
7.035175879396985010e+02 4.548871926658685128e-05
7.040201005025126051e+02 4.428175187269386401e-05
7.045226130653265955e+02 4.310794530912447504e-05
7.050251256281406995e+02 4.195845402888389366e-05
7.055276381909548036e+02 4.084236977545846231e-05
7.060301507537687939e+02 3.978888599819259045e-05
7.065326633165828980e+02 3.873277120227613349e-05
7.070351758793970021e+02 3.770645878159748437e-05
7.075376884422111061e+02 3.671483951684568380e-05
7.080402010050250965e+02 3.579229152677078758e-05
7.085427135678392006e+02 3.490304150155969725e-05
7.090452261306533046e+02 3.404678125182436098e-05
7.095477386934672950e+02 3.323618921729710920e-05
7.100502512562813990e+02 3.245785916002633066e-05
7.105527638190955031e+02 3.173890631660765968e-05
7.110552763819094935e+02 3.105870853480503227e-05
7.115577889447235975e+02 3.040466489476174134e-05
7.120603015075377016e+02 2.980237971768158741e-05
7.125628140703518056e+02 2.920199469541391707e-05
7.130653266331657960e+02 2.867204268087459107e-05
7.135678391959799001e+02 2.817546580144017823e-05
7.140703517587940041e+02 2.769199397656001531e-05
7.145728643216079945e+02 2.726124183728083125e-05
7.150753768844220986e+02 2.682994093082805137e-05
7.155778894472362026e+02 2.645232671571360282e-05
7.160804020100501930e+02 2.607733447518828016e-05
7.165829145728642970e+02 2.573721715527241968e-05
7.170854271356784011e+02 2.543054707394862423e-05
7.175879396984925052e+02 2.516715113555303510e-05
7.180904522613064955e+02 2.490814156497790294e-05
7.185929648241205996e+02 2.469110255553031956e-05
7.190954773869347036e+02 2.447381346644021205e-05
7.195979899497486940e+02 2.429573495072936832e-05
7.201005025125627981e+02 2.412587145269805245e-05
7.206030150753769021e+02 2.400190880449304504e-05
7.211055276381910062e+02 2.390275429500612742e-05
7.216080402010049966e+02 2.382831310282848089e-05
7.221105527638191006e+02 2.376593078137408143e-05
7.226130653266332047e+02 2.372944130568026443e-05
7.231155778894471950e+02 2.368352583583569978e-05
7.236180904522612991e+02 2.365768062339892986e-05
7.241206030150754032e+02 2.366660903908796097e-05
7.246231155778893935e+02 2.369354273243996483e-05
7.251256281407034976e+02 2.371676275498967739e-05
7.256281407035176017e+02 2.374165244464353065e-05
7.261306532663317057e+02 2.378441321148432776e-05
7.266331658291456961e+02 2.384052200839500795e-05
7.271356783919598001e+02 2.390862321267034528e-05
7.276381909547739042e+02 2.398142574311459038e-05
7.281407035175878946e+02 2.405977015000856345e-05
7.286432160804019986e+02 2.413298543983087010e-05
7.291457286432161027e+02 2.420659127369927444e-05
7.296482412060302067e+02 2.429493143218692470e-05
7.301507537688441971e+02 2.438990980558386059e-05
7.306532663316583012e+02 2.447859054893267364e-05
7.311557788944724052e+02 2.456173447150273526e-05
7.316582914572863956e+02 2.464867936999608959e-05
7.321608040201004997e+02 2.472977190839443880e-05
7.326633165829146037e+02 2.479703245361294757e-05
7.331658291457285941e+02 2.486898048005982314e-05
7.336683417085426981e+02 2.494927402374977116e-05
7.341708542713568022e+02 2.503978999897727854e-05
7.346733668341707926e+02 2.512908150251153306e-05
7.351758793969848966e+02 2.523698890670610291e-05
7.356783919597990007e+02 2.532536703803221594e-05
7.361809045226131047e+02 2.539883168567916064e-05
7.366834170854270951e+02 2.551523496957221331e-05
7.371859296482411992e+02 2.560086038859783655e-05
7.376884422110553032e+02 2.571687760979168166e-05
7.381909547738692936e+02 2.587957763041971997e-05
7.386934673366833977e+02 2.603351451933236864e-05
7.391959798994975017e+02 2.607230461796335464e-05
7.396984924623116058e+02 2.602159403930446864e-05
7.402010050251255961e+02 2.606127087697027842e-05
7.407035175879397002e+02 2.614837976554670851e-05
7.412060301507538043e+02 2.616636287547124509e-05
7.417085427135677946e+02 2.615936303234896862e-05
7.422110552763818987e+02 2.618287221652876675e-05
7.427135678391960028e+02 2.621836340624178387e-05
7.432160804020099931e+02 2.622297930987060728e-05
7.437185929648240972e+02 2.627454224239756200e-05
7.442211055276382012e+02 2.616145393923589025e-05
7.447236180904523053e+02 2.607277487690837293e-05
7.452261306532662957e+02 2.600696018496539624e-05
7.457286432160803997e+02 2.593489398643048635e-05
7.462311557788945038e+02 2.584388495000566988e-05
7.467336683417084942e+02 2.577113248105515966e-05
7.472361809045225982e+02 2.569846449619486804e-05
7.477386934673367023e+02 2.561369786646741371e-05
7.482412060301508063e+02 2.558798028512878459e-05
7.487437185929647967e+02 2.562530306589072852e-05
7.492462311557789008e+02 2.564737171782985350e-05
7.497487437185930048e+02 2.562479187953113936e-05
7.502512562814069952e+02 2.562605016202385881e-05
7.507537688442210992e+02 2.554964181987790339e-05
7.512562814070352033e+02 2.549412325735962432e-05
7.517587939698491937e+02 2.544269443486766357e-05
7.522613065326632977e+02 2.535583242673335866e-05
7.527638190954774018e+02 2.521804594485761706e-05
7.532663316582913922e+02 2.508410930859653607e-05
7.537688442211054962e+02 2.491868099716308725e-05
7.542713567839196003e+02 2.476037520801366941e-05
7.547738693467337043e+02 2.465502197044109508e-05
7.552763819095476947e+02 2.456570046896221473e-05
7.557788944723617988e+02 2.446082388357585365e-05
7.562814070351759028e+02 2.439004032577447346e-05
7.567839195979898932e+02 2.441580173733843702e-05
7.572864321608039972e+02 2.452718865541373707e-05
7.577889447236181013e+02 2.469965348992317377e-05
7.582914572864322054e+02 2.499021398375267310e-05
7.587939698492461957e+02 2.535368335513505422e-05
7.592964824120602998e+02 2.564741412638326130e-05
7.597989949748744039e+02 2.593478605472677786e-05
7.603015075376883942e+02 2.655674579499087617e-05
7.608040201005024983e+02 2.721348255581835149e-05
7.613065326633166023e+02 2.793747155069499995e-05
7.618090452261305927e+02 2.876906682852235244e-05
7.623115577889446968e+02 2.955943860676758033e-05
7.628140703517588008e+02 3.034823858830098980e-05
7.633165829145729049e+02 3.074100932267445743e-05
7.638190954773868953e+02 3.119583675118550655e-05
7.643216080402009993e+02 3.171641084532604116e-05
7.648241206030151034e+02 3.242613405737469566e-05
7.653266331658290937e+02 3.285683336319250542e-05
7.658291457286431978e+02 3.279964068142130217e-05
7.663316582914573019e+02 3.258253461181134368e-05
7.668341708542714059e+02 3.195713147113130335e-05
7.673366834170853963e+02 3.130733692355045736e-05
7.678391959798995003e+02 3.070321976197488094e-05
7.683417085427136044e+02 2.969869236214943691e-05
7.688442211055275948e+02 2.889557030666738363e-05
7.693467336683416988e+02 2.804230354894619230e-05
7.698492462311558029e+02 2.672565593271976328e-05
7.703517587939697933e+02 2.528635871426173636e-05
7.708542713567838973e+02 2.421136886908077350e-05
7.713567839195980014e+02 2.351573746858433243e-05
7.718592964824119917e+02 2.308304517381836276e-05
7.723618090452260958e+02 2.308358941958934456e-05
7.728643216080401999e+02 2.355046822999350096e-05
7.733668341708543039e+02 2.431741643103302612e-05
7.738693467336682943e+02 2.532447888569374785e-05
7.743718592964823983e+02 2.679159754919044494e-05
7.748743718592965024e+02 2.837723248859141373e-05
7.753768844221106065e+02 3.018497777992711463e-05
7.758793969849245968e+02 3.273307156453259973e-05
7.763819095477387009e+02 3.556106972212050651e-05
7.768844221105528050e+02 3.845110763552533835e-05
7.773869346733667953e+02 4.083615164719971434e-05
7.778894472361808994e+02 4.315938482388285416e-05
7.783919597989950034e+02 4.531433939711508092e-05
7.788944723618089938e+02 4.788547205755926090e-05
7.793969849246230979e+02 5.031333325270444831e-05
7.798994974874372019e+02 5.268276992056164634e-05
7.804020100502511923e+02 5.504047343741640163e-05
7.809045226130652964e+02 5.698548046786196583e-05
7.814070351758794004e+02 5.815196960859125164e-05
7.819095477386935045e+02 5.878745119125873688e-05
7.824120603015074948e+02 5.898541162440102613e-05
7.829145728643215989e+02 5.903844107643156999e-05
7.834170854271357030e+02 5.863796128191471981e-05
7.839195979899496933e+02 5.767535513006242777e-05
7.844221105527637974e+02 5.616675692086073058e-05
7.849246231155779014e+02 5.399837801091778819e-05
7.854271356783920055e+02 5.155479148519393509e-05
7.859296482412059959e+02 4.867160035352755405e-05
7.864321608040200999e+02 4.584961743854706185e-05
7.869346733668342040e+02 4.315119462223952193e-05
7.874371859296481944e+02 4.033431646006788483e-05
7.879396984924622984e+02 3.791096630855017948e-05
7.884422110552764025e+02 3.602952144207161326e-05
7.889447236180903928e+02 3.496563166558583281e-05
7.894472361809044969e+02 3.490660268861556773e-05
7.899497487437186010e+02 3.598241434776728741e-05
7.904522613065325913e+02 3.794546108568878483e-05
7.909547738693466954e+02 4.053627227014069783e-05
7.914572864321607994e+02 4.360648733948359644e-05
7.919597989949749035e+02 4.689272598397039980e-05
7.924623115577888939e+02 5.012896139562252057e-05
7.929648241206029979e+02 5.322989974315580204e-05
7.934673366834171020e+02 5.555371343947012095e-05
7.939698492462312061e+02 5.764878489669802509e-05
7.944723618090451964e+02 5.894945486796885340e-05
7.949748743718593005e+02 5.963656839601752529e-05
7.954773869346734045e+02 5.989967453556697312e-05
7.959798994974873949e+02 5.966175158543030911e-05
7.964824120603014990e+02 5.912206876324005721e-05
7.969849246231156030e+02 5.835455729892325425e-05
7.974874371859295934e+02 5.740702893394209638e-05
7.979899497487436975e+02 5.615939816778907253e-05
7.984924623115578015e+02 5.492255256411099714e-05
7.989949748743717919e+02 5.359923624712899628e-05
7.994974874371858959e+02 5.265097260327462355e-05
8.000000000000000000e+02 5.192752686639735870e-05
