7.000000000000000000e+02 7.641235730437536322e-05
7.005025125628141041e+02 7.453302417046085248e-05
7.010050251256280944e+02 7.267523283046107890e-05
7.015075376884421985e+02 7.083837254655788156e-05
7.020100502512563025e+02 6.907083056833764534e-05
7.025125628140704066e+02 6.733295958379763334e-05
7.030150753768843970e+02 6.564316060418745526e-05
7.035175879396985010e+02 6.401293665710731343e-05
7.040201005025126051e+02 6.243438064232497060e-05
7.045226130653265955e+02 6.084318069846107025e-05
7.050251256281406995e+02 5.931802618967398186e-05
7.055276381909548036e+02 5.783101215578556977e-05
7.060301507537687939e+02 5.638577885730378884e-05
7.065326633165828980e+02 5.498385309380746094e-05
7.070351758793970021e+02 5.363514291160503258e-05
7.075376884422111061e+02 5.228593917853304449e-05
7.080402010050250965e+02 5.101114713686909826e-05
7.085427135678392006e+02 4.981540309958057362e-05
7.090452261306533046e+02 4.866238735843590458e-05
7.095477386934672950e+02 4.752008126119549838e-05
7.100502512562813990e+02 4.642003652521135555e-05
7.105527638190955031e+02 4.536682353072535616e-05
7.110552763819094935e+02 4.436364879058463323e-05
7.115577889447235975e+02 4.339287854851440199e-05
7.120603015075377016e+02 4.249446805997583168e-05
7.125628140703518056e+02 4.163026032200829333e-05
7.130653266331657960e+02 4.080439301527205082e-05
7.135678391959799001e+02 4.005430771570929742e-05
7.140703517587940041e+02 3.934671034005701078e-05
7.145728643216079945e+02 3.867562112188479217e-05
7.150753768844220986e+02 3.804133501840132345e-05
7.155778894472362026e+02 3.745302954013748231e-05
7.160804020100501930e+02 3.691602263105787934e-05
7.165829145728642970e+02 3.642268270568462592e-05
7.170854271356784011e+02 3.601954361236507190e-05
7.175879396984925052e+02 3.565504499205130704e-05
7.180904522613064955e+02 3.531897973965997549e-05
7.185929648241205996e+02 3.502308508161648893e-05
7.190954773869347036e+02 3.475849242230609145e-05
7.195979899497486940e+02 3.448441313592387876e-05
7.201005025125627981e+02 3.426366570218685690e-05
7.206030150753769021e+02 3.406763079632004891e-05
7.211055276381910062e+02 3.392451906754559427e-05
7.216080402010049966e+02 3.380927669593348015e-05
7.221105527638191006e+02 3.368212364281470995e-05
7.226130653266332047e+02 3.353720551581308842e-05
7.231155778894471950e+02 3.342851160882627298e-05
7.236180904522612991e+02 3.336299960858106630e-05
7.241206030150754032e+02 3.335308060005821401e-05
7.246231155778893935e+02 3.338419809130450624e-05
7.251256281407034976e+02 3.341543502046719695e-05
7.256281407035176017e+02 3.345895215723677381e-05
7.261306532663317057e+02 3.352163710932108990e-05
7.266331658291456961e+02 3.359004463265774688e-05
7.271356783919598001e+02 3.368725802674962263e-05
7.276381909547739042e+02 3.376949282315247345e-05
7.281407035175878946e+02 3.383728895747674240e-05
7.286432160804019986e+02 3.395111062406640619e-05
7.291457286432161027e+02 3.409111787870301052e-05
7.296482412060302067e+02 3.424099880168788630e-05
7.301507537688441971e+02 3.433824105862346348e-05
7.306532663316583012e+02 3.443424059237921964e-05
7.311557788944724052e+02 3.455202523272509299e-05
7.316582914572863956e+02 3.467505036646900723e-05
7.321608040201004997e+02 3.482391367761989933e-05
7.326633165829146037e+02 3.495863995024490225e-05
7.331658291457285941e+02 3.508400454861090964e-05
7.336683417085426981e+02 3.522333157022010353e-05
7.341708542713568022e+02 3.535531107082501924e-05
7.346733668341707926e+02 3.551093697258115759e-05
7.351758793969848966e+02 3.564579625732276742e-05
7.356783919597990007e+02 3.581256092110126276e-05
7.361809045226131047e+02 3.601882548622317297e-05
7.366834170854270951e+02 3.618663800798485835e-05
7.371859296482411992e+02 3.632727667648390820e-05
7.376884422110553032e+02 3.648422768828458621e-05
7.381909547738692936e+02 3.661920986343188589e-05
7.386934673366833977e+02 3.668515299396694055e-05
7.391959798994975017e+02 3.685903276131298413e-05
7.396984924623116058e+02 3.707679958596725672e-05
7.402010050251255961e+02 3.728940411100655449e-05
7.407035175879397002e+02 3.738288266825923889e-05
7.412060301507538043e+02 3.743041681692239344e-05
7.417085427135677946e+02 3.742360003413147581e-05
7.422110552763818987e+02 3.743955589867314102e-05
7.427135678391960028e+02 3.747352974593019234e-05
7.432160804020099931e+02 3.753120652860644243e-05
7.437185929648240972e+02 3.742903059898131275e-05
7.442211055276382012e+02 3.726965231193664932e-05
7.447236180904523053e+02 3.713893789501651567e-05
7.452261306532662957e+02 3.708497760071104848e-05
7.457286432160803997e+02 3.701598975010694938e-05
7.462311557788945038e+02 3.695746650952304047e-05
7.467336683417084942e+02 3.687230545580636874e-05
7.472361809045225982e+02 3.672261101483854999e-05
7.477386934673367023e+02 3.665633225080399343e-05
7.482412060301508063e+02 3.649385359090542835e-05
7.487437185929647967e+02 3.636112225245953202e-05
7.492462311557789008e+02 3.628700679950652128e-05
7.497487437185930048e+02 3.615364059982445884e-05
7.502512562814069952e+02 3.603217870329260486e-05
7.507537688442210992e+02 3.588296026670459909e-05
7.512562814070352033e+02 3.574043786500872324e-05
7.517587939698491937e+02 3.564606318779002628e-05
7.522613065326632977e+02 3.555841705330129116e-05
7.527638190954774018e+02 3.547507714082117800e-05
7.532663316582913922e+02 3.536486335432446258e-05
7.537688442211054962e+02 3.520942019269376481e-05
7.542713567839196003e+02 3.508034353862432212e-05
7.547738693467337043e+02 3.493051758522046417e-05
7.552763819095476947e+02 3.479538273763658861e-05
7.557788944723617988e+02 3.466191767986428741e-05
7.562814070351759028e+02 3.452332520745298214e-05
7.567839195979898932e+02 3.441039948064159091e-05
7.572864321608039972e+02 3.429225428016890477e-05
7.577889447236181013e+02 3.409435687319408467e-05
7.582914572864322054e+02 3.393352228754990786e-05
7.587939698492461957e+02 3.373560580033172781e-05
7.592964824120602998e+02 3.356225605334465964e-05
7.597989949748744039e+02 3.345354539224566781e-05
7.603015075376883942e+02 3.341183228757626947e-05
7.608040201005024983e+02 3.342414300486319054e-05
7.613065326633166023e+02 3.348528856055479327e-05
7.618090452261305927e+02 3.356905547875620204e-05
7.623115577889446968e+02 3.383801560471418654e-05
7.628140703517588008e+02 3.423526980830854827e-05
7.633165829145729049e+02 3.498496999668432262e-05
7.638190954773868953e+02 3.609741548711443683e-05
7.643216080402009993e+02 3.747814837036156561e-05
7.648241206030151034e+02 3.891989898583210386e-05
7.653266331658290937e+02 4.038203254490003698e-05
7.658291457286431978e+02 4.188051981419278047e-05
7.663316582914573019e+02 4.323399764525257379e-05
7.668341708542714059e+02 4.424488576856131406e-05
7.673366834170853963e+02 4.511324700888489676e-05
7.678391959798995003e+02 4.526042541453681266e-05
7.683417085427136044e+02 4.510051917836900939e-05
7.688442211055275948e+02 4.437755216545611806e-05
7.693467336683416988e+02 4.336534024910132322e-05
7.698492462311558029e+02 4.196457118245814949e-05
7.703517587939697933e+02 4.034176380895467532e-05
7.708542713567838973e+02 3.855848895979952168e-05
7.713567839195980014e+02 3.687795980365056529e-05
7.718592964824119917e+02 3.521386243727854434e-05
7.723618090452260958e+02 3.375209980402899191e-05
7.728643216080401999e+02 3.279726025939373241e-05
7.733668341708543039e+02 3.238628102964335450e-05
7.738693467336682943e+02 3.275493933367625655e-05
7.743718592964823983e+02 3.407663912079389646e-05
7.748743718592965024e+02 3.662845724858636108e-05
7.753768844221106065e+02 4.053487215084368000e-05
7.758793969849245968e+02 4.516204578592781632e-05
7.763819095477387009e+02 5.043955380823743096e-05
7.768844221105528050e+02 5.597314144440869709e-05
7.773869346733667953e+02 6.152735092935700744e-05
7.778894472361808994e+02 6.711877242986708815e-05
7.783919597989950034e+02 7.224073823554355046e-05
7.788944723618089938e+02 7.655444112511549304e-05
7.793969849246230979e+02 8.087830469951642551e-05
7.798994974874372019e+02 8.432567811508902744e-05
7.804020100502511923e+02 8.718117428001753233e-05
7.809045226130652964e+02 8.833567558656855436e-05
7.814070351758794004e+02 8.821475245174954186e-05
7.819095477386935045e+02 8.724800681080248030e-05
7.824120603015074948e+02 8.562675280499811752e-05
7.829145728643215989e+02 8.265217502102831747e-05
7.834170854271357030e+02 7.860124155857982191e-05
7.839195979899496933e+02 7.475143014414379044e-05
7.844221105527637974e+02 7.086405806692033587e-05
7.849246231155779014e+02 6.696118829611960707e-05
7.854271356783920055e+02 6.237463839186376858e-05
7.859296482412059959e+02 5.760306608713706885e-05
7.864321608040200999e+02 5.340224150855385227e-05
7.869346733668342040e+02 5.000671513026185407e-05
7.874371859296481944e+02 4.766959112059037019e-05
7.879396984924622984e+02 4.646951541204438871e-05
7.884422110552764025e+02 4.659106308540572963e-05
7.889447236180903928e+02 4.807302477593911825e-05
7.894472361809044969e+02 5.078526484845273504e-05
7.899497487437186010e+02 5.431603053350656998e-05
7.904522613065325913e+02 5.817801229827072326e-05
7.909547738693466954e+02 6.207876660277064065e-05
7.914572864321607994e+02 6.584862567490171040e-05
7.919597989949749035e+02 6.943021756701700552e-05
7.924623115577888939e+02 7.235340042292999225e-05
7.929648241206029979e+02 7.454003382305317835e-05
7.934673366834171020e+02 7.611716639295276418e-05
7.939698492462312061e+02 7.700941311185416729e-05
7.944723618090451964e+02 7.736965339608189334e-05
7.949748743718593005e+02 7.727130081409616593e-05
7.954773869346734045e+02 7.654949314162802574e-05
7.959798994974873949e+02 7.562594317566720111e-05
7.964824120603014990e+02 7.435006251367010782e-05
7.969849246231156030e+02 7.297773332652836991e-05
7.974874371859295934e+02 7.160303551709959534e-05
7.979899497487436975e+02 7.011922904226458976e-05
7.984924623115578015e+02 6.899741141265705168e-05
7.989949748743717919e+02 6.840475497263942258e-05
7.994974874371858959e+02 6.840180646898782058e-05
8.000000000000000000e+02 6.880334303282908276e-05
